t,x,dx,y,yApp,yFD
0.000e+00,0.000e+00,1.000e+00,-1.243e-02,0.000e+00,-0.000e+00
2.000e-02,2.000e-02,9.998e-01,3.111e-03,0.000e+00,7.768e-01
4.000e-02,3.999e-02,9.992e-01,1.568e-02,0.000e+00,6.283e-01
6.000e-02,5.996e-02,9.982e-01,4.759e-02,0.000e+00,1.596e+00
8.000e-02,7.991e-02,9.968e-01,1.274e-01,0.000e+00,3.988e+00
1.000e-01,9.983e-02,9.950e-01,7.606e-02,0.000e+00,-2.565e+00
1.200e-01,1.197e-01,9.928e-01,1.030e-01,0.000e+00,1.347e+00
1.400e-01,1.395e-01,9.902e-01,1.647e-01,3.630e-01,3.086e+00
1.600e-01,1.593e-01,9.872e-01,1.447e-01,5.686e-01,-1.002e+00
1.800e-01,1.790e-01,9.838e-01,1.792e-01,7.702e-01,1.725e+00
2.000e-01,1.987e-01,9.801e-01,1.912e-01,9.302e-01,6.023e-01
2.200e-01,2.182e-01,9.759e-01,2.209e-01,1.026e+00,1.486e+00
2.400e-01,2.377e-01,9.713e-01,2.309e-01,1.052e+00,4.994e-01
2.600e-01,2.571e-01,9.664e-01,2.873e-01,1.029e+00,2.818e+00
2.800e-01,2.764e-01,9.611e-01,2.960e-01,9.895e-01,4.372e-01
3.000e-01,2.955e-01,9.553e-01,2.670e-01,9.808e-01,-1.451e+00
3.200e-01,3.146e-01,9.492e-01,3.194e-01,1.012e+00,2.620e+00
3.400e-01,3.335e-01,9.428e-01,3.341e-01,1.046e+00,7.364e-01
3.600e-01,3.523e-01,9.359e-01,3.506e-01,1.050e+00,8.219e-01
3.800e-01,3.709e-01,9.287e-01,3.907e-01,1.019e+00,2.005e+00
4.000e-01,3.894e-01,9.211e-01,4.119e-01,9.877e-01,1.064e+00
4.200e-01,4.078e-01,9.131e-01,4.031e-01,9.641e-01,-4.418e-01
4.400e-01,4.259e-01,9.048e-01,4.536e-01,9.530e-01,2.522e+00
4.600e-01,4.439e-01,8.961e-01,4.356e-01,9.615e-01,-8.953e-01
4.800e-01,4.618e-01,8.870e-01,4.574e-01,9.869e-01,1.085e+00
5.000e-01,4.794e-01,8.776e-01,4.607e-01,1.009e+00,1.657e-01
5.200e-01,4.969e-01,8.678e-01,4.946e-01,1.005e+00,1.695e+00
5.400e-01,5.141e-01,8.577e-01,5.163e-01,9.573e-01,1.086e+00
5.600e-01,5.312e-01,8.473e-01,5.378e-01,8.712e-01,1.076e+00
5.800e-01,5.480e-01,8.365e-01,5.458e-01,7.931e-01,4.015e-01
6.000e-01,5.646e-01,8.253e-01,5.440e-01,7.613e-01,-9.360e-02
6.200e-01,5.810e-01,8.139e-01,5.492e-01,7.668e-01,2.594e-01
6.400e-01,5.972e-01,8.021e-01,6.146e-01,7.898e-01,3.273e+00
6.600e-01,6.131e-01,7.900e-01,6.304e-01,8.037e-01,7.891e-01
6.800e-01,6.288e-01,7.776e-01,6.410e-01,8.109e-01,5.319e-01
7.000e-01,6.442e-01,7.648e-01,6.466e-01,8.273e-01,2.773e-01
7.200e-01,6.594e-01,7.518e-01,6.733e-01,8.566e-01,1.336e+00
7.400e-01,6.743e-01,7.385e-01,6.745e-01,8.824e-01,6.074e-02
7.600e-01,6.889e-01,7.248e-01,6.965e-01,9.118e-01,1.099e+00
7.800e-01,7.033e-01,7.109e-01,7.033e-01,9.325e-01,3.421e-01
8.000e-01,7.174e-01,6.967e-01,7.217e-01,9.346e-01,9.188e-01
8.200e-01,7.311e-01,6.822e-01,7.013e-01,9.020e-01,-1.020e+00
8.400e-01,7.446e-01,6.675e-01,7.379e-01,8.350e-01,1.830e+00
8.600e-01,7.578e-01,6.524e-01,7.758e-01,7.376e-01,1.895e+00
8.800e-01,7.707e-01,6.372e-01,7.718e-01,6.452e-01,-2.000e-01
9.000e-01,7.833e-01,6.216e-01,7.709e-01,6.027e-01,-4.571e-02
9.200e-01,7.956e-01,6.058e-01,7.828e-01,6.082e-01,5.970e-01
9.400e-01,8.076e-01,5.898e-01,8.141e-01,6.236e-01,1.565e+00
9.600e-01,8.192e-01,5.735e-01,8.405e-01,6.346e-01,1.317e+00
9.800e-01,8.305e-01,5.570e-01,8.137e-01,6.476e-01,-1.337e+00
1.000e+00,8.415e-01,5.403e-01,8.143e-01,6.698e-01,2.680e-02
1.020e+00,8.521e-01,5.234e-01,8.225e-01,6.783e-01,4.108e-01
1.040e+00,8.624e-01,5.062e-01,8.738e-01,6.535e-01,2.568e+00
1.060e+00,8.724e-01,4.889e-01,8.711e-01,5.907e-01,-1.359e-01
1.080e+00,8.820e-01,4.713e-01,8.919e-01,5.257e-01,1.041e+00
1.100e+00,8.912e-01,4.536e-01,9.050e-01,4.890e-01,6.528e-01
1.120e+00,9.001e-01,4.357e-01,8.982e-01,4.992e-01,-3.385e-01
1.140e+00,9.086e-01,4.176e-01,9.131e-01,5.377e-01,7.454e-01
1.160e+00,9.168e-01,3.993e-01,9.144e-01,5.785e-01,6.232e-02
1.180e+00,9.246e-01,3.809e-01,9.006e-01,6.149e-01,-6.872e-01
1.200e+00,9.320e-01,3.624e-01,9.348e-01,6.316e-01,1.708e+00
1.220e+00,9.391e-01,3.436e-01,9.637e-01,6.000e-01,1.447e+00
1.240e+00,9.458e-01,3.248e-01,9.434e-01,5.207e-01,-1.016e+00
1.260e+00,9.521e-01,3.058e-01,9.545e-01,4.353e-01,5.528e-01
1.280e+00,9.580e-01,2.867e-01,9.530e-01,3.830e-01,-7.533e-02
1.300e+00,9.636e-01,2.675e-01,9.508e-01,3.721e-01,-1.098e-01
1.320e+00,9.687e-01,2.482e-01,9.155e-01,3.819e-01,-1.765e+00
1.340e+00,9.735e-01,2.288e-01,1.027e+00,3.760e-01,5.583e+00
1.360e+00,9.779e-01,2.092e-01,9.612e-01,3.322e-01,-3.294e+00
1.380e+00,9.819e-01,1.896e-01,9.450e-01,2.868e-01,-8.144e-01
1.400e+00,9.854e-01,1.700e-01,9.640e-01,2.478e-01,9.501e-01
1.420e+00,9.887e-01,1.502e-01,9.932e-01,2.061e-01,1.465e+00
1.440e+00,9.915e-01,1.304e-01,9.641e-01,1.656e-01,-1.457e+00
1.460e+00,9.939e-01,1.106e-01,9.778e-01,1.508e-01,6.854e-01
1.480e+00,9.959e-01,9.067e-02,1.001e+00,1.547e-01,1.141e+00
1.500e+00,9.975e-01,7.074e-02,9.607e-01,1.532e-01,-1.996e+00
1.520e+00,9.987e-01,5.077e-02,1.001e+00,1.469e-01,2.004e+00
1.540e+00,9.995e-01,3.079e-02,1.005e+00,1.345e-01,2.058e-01
1.560e+00,9.999e-01,1.080e-02,1.003e+00,1.265e-01,-8.750e-02
1.580e+00,1.000e+00,-9.204e-03,9.867e-01,1.398e-01,-8.251e-01
1.600e+00,9.996e-01,-2.920e-02,1.037e+00,1.754e-01,2.541e+00
1.620e+00,9.988e-01,-4.918e-02,9.954e-01,2.050e-01,-2.106e+00
1.640e+00,9.976e-01,-6.915e-02,1.016e+00,2.094e-01,1.019e+00
1.660e+00,9.960e-01,-8.909e-02,9.968e-01,2.134e-01,-9.480e-01
1.680e+00,9.940e-01,-1.090e-01,1.011e+00,2.180e-01,6.889e-01
1.700e+00,9.917e-01,-1.288e-01,9.391e-01,1.996e-01,-3.574e+00
1.720e+00,9.889e-01,-1.487e-01,9.706e-01,1.520e-01,1.577e+00
1.740e+00,9.857e-01,-1.684e-01,9.958e-01,6.179e-02,1.261e+00
1.760e+00,9.822e-01,-1.881e-01,9.791e-01,-6.398e-02,-8.367e-01
1.780e+00,9.782e-01,-2.077e-01,9.949e-01,-1.801e-01,7.902e-01
1.800e+00,9.738e-01,-2.272e-01,9.707e-01,-2.467e-01,-1.209e+00
1.820e+00,9.691e-01,-2.466e-01,9.392e-01,-2.591e-01,-1.577e+00
1.840e+00,9.640e-01,-2.660e-01,9.650e-01,-2.273e-01,1.293e+00
1.860e+00,9.585e-01,-2.852e-01,9.368e-01,-1.821e-01,-1.413e+00
1.880e+00,9.526e-01,-3.043e-01,9.333e-01,-1.459e-01,-1.717e-01
1.900e+00,9.463e-01,-3.233e-01,9.297e-01,-1.512e-01,-1.826e-01
1.920e+00,9.396e-01,-3.421e-01,9.166e-01,-1.937e-01,-6.547e-01
1.940e+00,9.326e-01,-3.609e-01,9.400e-01,-2.687e-01,1.172e+00
1.960e+00,9.252e-01,-3.795e-01,9.508e-01,-3.504e-01,5.363e-01
1.980e+00,9.174e-01,-3.979e-01,9.490e-01,-3.923e-01,-8.562e-02
2.000e+00,9.093e-01,-4.161e-01,8.988e-01,-3.498e-01,-2.513e+00
2.020e+00,9.008e-01,-4.342e-01,8.732e-01,-2.511e-01,-1.281e+00
2.040e+00,8.919e-01,-4.522e-01,9.291e-01,-1.600e-01,2.794e+00
2.060e+00,8.827e-01,-4.699e-01,9.032e-01,-1.257e-01,-1.294e+00
2.080e+00,8.731e-01,-4.875e-01,8.554e-01,-1.421e-01,-2.387e+00
2.100e+00,8.632e-01,-5.048e-01,8.557e-01,-1.842e-01,1.090e-02
2.120e+00,8.529e-01,-5.220e-01,8.536e-01,-2.552e-01,-1.013e-01
2.140e+00,8.423e-01,-5.390e-01,8.609e-01,-3.554e-01,3.623e-01
2.160e+00,8.314e-01,-5.557e-01,8.375e-01,-4.503e-01,-1.170e+00
2.180e+00,8.201e-01,-5.722e-01,8.468e-01,-5.078e-01,4.676e-01
2.200e+00,8.085e-01,-5.885e-01,8.325e-01,-5.180e-01,-7.145e-01
2.220e+00,7.966e-01,-6.046e-01,7.744e-01,-4.860e-01,-2.908e+00
2.240e+00,7.843e-01,-6.204e-01,7.666e-01,-4.451e-01,-3.893e-01
2.260e+00,7.718e-01,-6.359e-01,7.844e-01,-4.405e-01,8.901e-01
2.280e+00,7.589e-01,-6.512e-01,7.801e-01,-4.797e-01,-2.126e-01
2.300e+00,7.457e-01,-6.663e-01,7.198e-01,-5.267e-01,-3.016e+00
2.320e+00,7.322e-01,-6.811e-01,7.629e-01,-5.706e-01,2.153e+00
2.340e+00,7.185e-01,-6.956e-01,7.043e-01,-6.367e-01,-2.927e+00
2.360e+00,7.044e-01,-7.098e-01,7.088e-01,-6.829e-01,2.215e-01
2.380e+00,6.901e-01,-7.237e-01,6.904e-01,-6.925e-01,-9.202e-01
2.400e+00,6.755e-01,-7.374e-01,7.319e-01,-6.771e-01,2.079e+00
2.420e+00,6.606e-01,-7.508e-01,6.429e-01,-6.524e-01,-4.452e+00
2.440e+00,6.454e-01,-7.638e-01,6.709e-01,-6.136e-01,1.400e+00
2.460e+00,6.300e-01,-7.766e-01,6.088e-01,-5.898e-01,-3.103e+00
2.480e+00,6.144e-01,-7.890e-01,5.909e-01,-5.947e-01,-8.945e-01
2.500e+00,5.985e-01,-8.011e-01,6.208e-01,-6.318e-01,1.491e+00
2.520e+00,5.823e-01,-8.130e-01,5.852e-01,-6.896e-01,-1.776e+00
2.540e+00,5.660e-01,-8.244e-01,6.062e-01,-7.513e-01,1.050e+00
2.560e+00,5.494e-01,-8.356e-01,5.234e-01,-8.091e-01,-4.140e+00
2.580e+00,5.325e-01,-8.464e-01,5.222e-01,-8.312e-01,-6.216e-02
2.600e+00,5.155e-01,-8.569e-01,5.313e-01,-8.269e-01,4.571e-01
2.620e+00,4.983e-01,-8.670e-01,4.856e-01,-8.236e-01,-2.283e+00
2.640e+00,4.808e-01,-8.768e-01,5.085e-01,-8.065e-01,1.145e+00
2.660e+00,4.632e-01,-8.863e-01,4.309e-01,-7.966e-01,-3.883e+00
2.680e+00,4.454e-01,-8.953e-01,4.468e-01,-8.012e-01,7.982e-01
2.700e+00,4.274e-01,-9.041e-01,4.163e-01,-8.429e-01,-1.526e+00
2.720e+00,4.092e-01,-9.124e-01,4.076e-01,-8.896e-01,-4.392e-01
2.740e+00,3.909e-01,-9.204e-01,4.288e-01,-9.324e-01,1.060e+00
2.760e+00,3.724e-01,-9.281e-01,3.595e-01,-9.409e-01,-3.465e+00
2.780e+00,3.538e-01,-9.353e-01,3.289e-01,-9.076e-01,-1.530e+00
2.800e+00,3.350e-01,-9.422e-01,3.409e-01,-8.743e-01,6.008e-01
2.820e+00,3.161e-01,-9.487e-01,3.263e-01,-8.688e-01,-7.273e-01
2.840e+00,2.970e-01,-9.549e-01,3.147e-01,-8.854e-01,-5.813e-01
2.860e+00,2.779e-01,-9.606e-01,2.605e-01,-8.881e-01,-2.711e+00
2.880e+00,2.586e-01,-9.660e-01,2.893e-01,-8.820e-01,1.440e+00
2.900e+00,2.392e-01,-9.710e-01,2.667e-01,-8.888e-01,-1.128e+00
2.920e+00,2.198e-01,-9.755e-01,2.155e-01,-8.909e-01,-2.559e+00
2.940e+00,2.002e-01,-9.797e-01,1.733e-01,-8.798e-01,-2.110e+00
2.960e+00,1.806e-01,-9.836e-01,1.647e-01,-8.574e-01,-4.333e-01
2.980e+00,1.609e-01,-9.870e-01,1.739e-01,-8.657e-01,4.631e-01
3.000e+00,1.411e-01,-9.900e-01,1.776e-01,-9.142e-01,1.827e-01
3.020e+00,1.213e-01,-9.926e-01,1.462e-01,-9.861e-01,-1.569e+00
3.040e+00,1.014e-01,-9.948e-01,9.723e-02,-1.040e+00,-2.449e+00
3.060e+00,8.150e-02,-9.967e-01,9.768e-02,-1.031e+00,2.262e-02
3.080e+00,6.155e-02,-9.981e-01,5.047e-02,-9.810e-01,-2.360e+00
3.100e+00,4.158e-02,-9.991e-01,4.123e-02,-9.253e-01,-4.623e-01
3.120e+00,2.159e-02,-9.998e-01,6.848e-03,-8.950e-01,-1.719e+00
3.140e+00,1.593e-03,-1.000e+00,1.711e-02,-9.017e-01,5.130e-01
3.160e+00,-1.841e-02,-9.998e-01,-4.077e-02,-9.487e-01,-2.894e+00
3.180e+00,-3.840e-02,-9.993e-01,-6.777e-02,-1.031e+00,-1.350e+00
3.200e+00,-5.837e-02,-9.983e-01,-6.275e-02,-1.121e+00,2.513e-01
3.220e+00,-7.833e-02,-9.969e-01,-8.622e-02,-1.186e+00,-1.174e+00
3.240e+00,-9.825e-02,-9.952e-01,-1.042e-01,-1.197e+00,-9.004e-01
3.260e+00,-1.181e-01,-9.930e-01,-1.267e-01,-1.167e+00,-1.124e+00
3.280e+00,-1.380e-01,-9.904e-01,-1.113e-01,-1.121e+00,7.706e-01
3.300e+00,-1.577e-01,-9.875e-01,-1.607e-01,-1.078e+00,-2.470e+00
3.320e+00,-1.775e-01,-9.841e-01,-2.088e-01,-1.019e+00,-2.407e+00
3.340e+00,-1.971e-01,-9.804e-01,-1.980e-01,-9.529e-01,5.409e-01
3.360e+00,-2.167e-01,-9.762e-01,-2.275e-01,-9.156e-01,-1.476e+00
3.380e+00,-2.362e-01,-9.717e-01,-2.493e-01,-9.072e-01,-1.089e+00
3.400e+00,-2.555e-01,-9.668e-01,-2.798e-01,-9.297e-01,-1.523e+00
3.420e+00,-2.748e-01,-9.615e-01,-2.885e-01,-9.776e-01,-4.342e-01
3.440e+00,-2.940e-01,-9.558e-01,-3.038e-01,-1.043e+00,-7.650e-01
3.460e+00,-3.131e-01,-9.497e-01,-3.172e-01,-1.089e+00,-6.735e-01
3.480e+00,-3.320e-01,-9.433e-01,-3.436e-01,-1.100e+00,-1.317e+00
3.500e+00,-3.508e-01,-9.365e-01,-3.354e-01,-1.080e+00,4.069e-01
3.520e+00,-3.694e-01,-9.293e-01,-3.605e-01,-1.032e+00,-1.252e+00
3.540e+00,-3.880e-01,-9.217e-01,-4.105e-01,-9.610e-01,-2.499e+00
3.560e+00,-4.063e-01,-9.137e-01,-4.014e-01,-8.886e-01,4.515e-01
3.580e+00,-4.245e-01,-9.054e-01,-4.262e-01,-8.498e-01,-1.239e+00
3.600e+00,-4.425e-01,-8.968e-01,-4.501e-01,-8.324e-01,-1.195e+00
3.620e+00,-4.604e-01,-8.877e-01,-4.901e-01,-8.314e-01,-2.001e+00
3.640e+00,-4.780e-01,-8.783e-01,-4.872e-01,-8.588e-01,1.483e-01
3.660e+00,-4.955e-01,-8.686e-01,-4.814e-01,-9.121e-01,2.872e-01
3.680e+00,-5.128e-01,-8.585e-01,-4.992e-01,-9.677e-01,-8.903e-01
3.700e+00,-5.298e-01,-8.481e-01,-4.817e-01,-9.904e-01,8.759e-01
3.720e+00,-5.467e-01,-8.373e-01,-6.024e-01,-9.650e-01,-6.035e+00
3.740e+00,-5.633e-01,-8.262e-01,-5.613e-01,-8.860e-01,2.055e+00
3.760e+00,-5.797e-01,-8.148e-01,-5.868e-01,-8.129e-01,-1.277e+00
3.780e+00,-5.959e-01,-8.030e-01,-5.718e-01,-7.750e-01,7.522e-01
3.800e+00,-6.119e-01,-7.910e-01,-6.172e-01,-7.824e-01,-2.273e+00
3.820e+00,-6.276e-01,-7.786e-01,-6.052e-01,-8.048e-01,6.003e-01
3.840e+00,-6.430e-01,-7.659e-01,-6.762e-01,-8.261e-01,-3.550e+00
3.860e+00,-6.582e-01,-7.529e-01,-6.675e-01,-8.413e-01,4.347e-01
3.880e+00,-6.731e-01,-7.395e-01,-6.772e-01,-8.564e-01,-4.822e-01
3.900e+00,-6.878e-01,-7.259e-01,-7.009e-01,-8.622e-01,-1.187e+00
3.920e+00,-7.021e-01,-7.120e-01,-7.037e-01,-8.504e-01,-1.402e-01
3.940e+00,-7.162e-01,-6.978e-01,-7.132e-01,-8.408e-01,-4.746e-01
3.960e+00,-7.301e-01,-6.834e-01,-7.125e-01,-8.431e-01,3.434e-02
3.980e+00,-7.436e-01,-6.686e-01,-7.548e-01,-8.469e-01,-2.111e+00
4.000e+00,-7.568e-01,-6.536e-01,-7.659e-01,-8.244e-01,-5.595e-01
4.020e+00,-7.697e-01,-6.384e-01,-7.411e-01,-7.570e-01,1.244e+00
4.040e+00,-7.823e-01,-6.229e-01,-7.874e-01,-6.886e-01,-2.318e+00
4.060e+00,-7.946e-01,-6.071e-01,-7.997e-01,-6.281e-01,-6.123e-01
4.080e+00,-8.066e-01,-5.911e-01,-8.016e-01,-5.983e-01,-9.752e-02
4.100e+00,-8.183e-01,-5.748e-01,-8.464e-01,-6.000e-01,-2.238e+00
4.120e+00,-8.296e-01,-5.583e-01,-8.439e-01,-6.239e-01,1.236e-01
4.140e+00,-8.406e-01,-5.416e-01,-8.559e-01,-6.557e-01,-6.018e-01
4.160e+00,-8.513e-01,-5.247e-01,-8.490e-01,-6.967e-01,3.461e-01
4.180e+00,-8.616e-01,-5.076e-01,-8.663e-01,-7.331e-01,-8.667e-01
4.200e+00,-8.716e-01,-4.903e-01,-8.439e-01,-7.424e-01,1.125e+00
4.220e+00,-8.812e-01,-4.727e-01,-8.440e-01,-7.202e-01,-5.026e-03
4.240e+00,-8.905e-01,-4.550e-01,-8.812e-01,-6.552e-01,-1.863e+00
4.260e+00,-8.994e-01,-4.371e-01,-9.380e-01,-5.436e-01,-2.839e+00
4.280e+00,-9.080e-01,-4.190e-01,-9.227e-01,-4.128e-01,7.634e-01
4.300e+00,-9.162e-01,-4.008e-01,-9.271e-01,-3.352e-01,-2.183e-01
4.320e+00,-9.240e-01,-3.824e-01,-9.365e-01,-3.453e-01,-4.716e-01
4.340e+00,-9.315e-01,-3.638e-01,-9.531e-01,-4.180e-01,-8.272e-01
4.360e+00,-9.386e-01,-3.451e-01,-9.490e-01,-5.234e-01,2.046e-01
4.380e+00,-9.453e-01,-3.263e-01,-9.525e-01,-6.244e-01,-1.747e-01
4.400e+00,-9.516e-01,-3.073e-01,-9.221e-01,-6.746e-01,1.518e+00
4.420e+00,-9.576e-01,-2.882e-01,-9.337e-01,-6.550e-01,-5.808e-01
4.440e+00,-9.631e-01,-2.690e-01,-9.452e-01,-5.524e-01,-5.735e-01
4.460e+00,-9.683e-01,-2.497e-01,-9.749e-01,-3.902e-01,-1.483e+00
4.480e+00,-9.731e-01,-2.303e-01,-9.927e-01,-2.202e-01,-8.906e-01
4.500e+00,-9.775e-01,-2.108e-01,-9.424e-01,-1.142e-01,2.514e+00
4.520e+00,-9.816e-01,-1.912e-01,-1.011e+00,-1.000e-01,-3.445e+00
4.540e+00,-9.852e-01,-1.715e-01,-9.720e-01,-1.325e-01,1.967e+00
4.560e+00,-9.884e-01,-1.518e-01,-9.650e-01,-1.927e-01,3.475e-01
4.580e+00,-9.912e-01,-1.320e-01,-1.006e+00,-2.630e-01,-2.064e+00
4.600e+00,-9.937e-01,-1.122e-01,-9.768e-01,-3.085e-01,1.473e+00
4.620e+00,-9.957e-01,-9.226e-02,-1.019e+00,-3.185e-01,-2.084e+00
4.640e+00,-9.974e-01,-7.233e-02,-9.896e-01,-2.847e-01,1.446e+00
4.660e+00,-9.986e-01,-5.237e-02,-9.860e-01,-2.348e-01,1.778e-01
4.680e+00,-9.995e-01,-3.238e-02,-9.452e-01,-1.892e-01,2.043e+00
4.700e+00,-9.999e-01,-1.239e-02,-9.844e-01,-1.580e-01,-1.961e+00
4.720e+00,-1.000e+00,7.611e-03,-1.016e+00,-1.127e-01,-1.561e+00
4.740e+00,-9.996e-01,2.761e-02,-9.791e-01,-5.099e-02,1.825e+00
4.760e+00,-9.989e-01,4.759e-02,-9.601e-01,5.259e-03,9.523e-01
4.780e+00,-9.977e-01,6.756e-02,-9.832e-01,4.431e-02,-1.156e+00
4.800e+00,-9.962e-01,8.750e-02,-1.014e+00,6.751e-02,-1.531e+00
4.820e+00,-9.942e-01,1.074e-01,-1.005e+00,8.350e-02,4.308e-01
4.840e+00,-9.919e-01,1.273e-01,-9.854e-01,5.465e-02,9.903e-01
4.860e+00,-9.891e-01,1.471e-01,-9.640e-01,-1.294e-02,1.068e+00
4.880e+00,-9.860e-01,1.668e-01,-9.983e-01,-7.604e-02,-1.714e+00
4.900e+00,-9.825e-01,1.865e-01,-9.811e-01,-1.013e-01,8.614e-01
4.920e+00,-9.785e-01,2.061e-01,-1.016e+00,-8.025e-02,-1.768e+00
4.940e+00,-9.742e-01,2.257e-01,-1.010e+00,-4.007e-02,3.112e-01
4.960e+00,-9.695e-01,2.451e-01,-9.778e-01,-2.037e-02,1.620e+00
4.980e+00,-9.644e-01,2.644e-01,-9.875e-01,-3.657e-02,-4.816e-01
5.000e+00,-9.589e-01,2.837e-01,-9.406e-01,-4.698e-02,2.342e+00
5.020e+00,-9.531e-01,3.028e-01,-9.309e-01,-3.542e-02,4.856e-01
5.040e+00,-9.468e-01,3.218e-01,-9.261e-01,2.094e-03,2.389e-01
5.060e+00,-9.402e-01,3.407e-01,-9.682e-01,8.042e-02,-2.106e+00
5.080e+00,-9.332e-01,3.594e-01,-9.764e-01,2.091e-01,-4.068e-01
5.100e+00,-9.258e-01,3.780e-01,-9.436e-01,3.450e-01,1.641e+00
5.120e+00,-9.181e-01,3.964e-01,-9.257e-01,4.201e-01,8.960e-01
5.140e+00,-9.100e-01,4.147e-01,-9.166e-01,4.073e-01,4.506e-01
5.160e+00,-9.015e-01,4.328e-01,-8.855e-01,3.301e-01,1.557e+00
5.180e+00,-8.926e-01,4.508e-01,-9.007e-01,2.439e-01,-7.603e-01
5.200e+00,-8.835e-01,4.685e-01,-9.123e-01,2.014e-01,-5.775e-01
5.220e+00,-8.739e-01,4.861e-01,-8.900e-01,2.304e-01,1.114e+00
5.240e+00,-8.640e-01,5.035e-01,-8.696e-01,3.033e-01,1.019e+00
5.260e+00,-8.538e-01,5.206e-01,-8.510e-01,3.854e-01,9.277e-01
5.280e+00,-8.432e-01,5.376e-01,-8.372e-01,4.544e-01,6.896e-01
5.300e+00,-8.323e-01,5.544e-01,-8.257e-01,4.863e-01,5.780e-01
5.320e+00,-8.210e-01,5.709e-01,-8.157e-01,4.887e-01,5.011e-01
5.340e+00,-8.094e-01,5.872e-01,-8.067e-01,4.907e-01,4.459e-01
5.360e+00,-7.975e-01,6.033e-01,-8.147e-01,5.242e-01,-3.976e-01
5.380e+00,-7.853e-01,6.191e-01,-7.577e-01,5.811e-01,2.852e+00
5.400e+00,-7.728e-01,6.347e-01,-7.832e-01,6.242e-01,-1.276e+00
5.420e+00,-7.599e-01,6.500e-01,-7.399e-01,6.489e-01,2.165e+00
5.440e+00,-7.468e-01,6.651e-01,-7.449e-01,6.442e-01,-2.501e-01
5.460e+00,-7.333e-01,6.799e-01,-6.948e-01,6.225e-01,2.501e+00
5.480e+00,-7.196e-01,6.944e-01,-7.182e-01,6.122e-01,-1.167e+00
5.500e+00,-7.055e-01,7.087e-01,-7.259e-01,6.391e-01,-3.860e-01
5.520e+00,-6.912e-01,7.226e-01,-7.032e-01,6.810e-01,1.133e+00
5.540e+00,-6.766e-01,7.363e-01,-6.737e-01,7.001e-01,1.476e+00
5.560e+00,-6.618e-01,7.497e-01,-6.753e-01,6.811e-01,-7.852e-02
5.580e+00,-6.467e-01,7.628e-01,-6.274e-01,6.367e-01,2.395e+00
5.600e+00,-6.313e-01,7.756e-01,-6.266e-01,5.844e-01,3.766e-02
5.620e+00,-6.156e-01,7.880e-01,-6.228e-01,5.585e-01,1.938e-01
5.640e+00,-5.997e-01,8.002e-01,-5.845e-01,5.769e-01,1.911e+00
5.660e+00,-5.836e-01,8.120e-01,-5.887e-01,6.302e-01,-2.097e-01
5.680e+00,-5.673e-01,8.235e-01,-5.609e-01,7.006e-01,1.390e+00
5.700e+00,-5.507e-01,8.347e-01,-5.476e-01,7.751e-01,6.674e-01
5.720e+00,-5.339e-01,8.456e-01,-5.394e-01,8.270e-01,4.104e-01
5.740e+00,-5.169e-01,8.561e-01,-5.225e-01,8.450e-01,8.454e-01
5.760e+00,-4.996e-01,8.662e-01,-4.755e-01,8.231e-01,2.348e+00
5.780e+00,-4.822e-01,8.761e-01,-4.749e-01,7.930e-01,3.287e-02
5.800e+00,-4.646e-01,8.855e-01,-4.504e-01,7.883e-01,1.222e+00
5.820e+00,-4.468e-01,8.946e-01,-4.134e-01,8.092e-01,1.851e+00
5.840e+00,-4.288e-01,9.034e-01,-4.024e-01,8.498e-01,5.517e-01
5.860e+00,-4.107e-01,9.118e-01,-3.974e-01,9.099e-01,2.484e-01
5.880e+00,-3.924e-01,9.198e-01,-3.692e-01,9.702e-01,1.408e+00
5.900e+00,-3.739e-01,9.275e-01,-3.706e-01,1.018e+00,-7.064e-02
5.920e+00,-3.553e-01,9.348e-01,-3.430e-01,1.043e+00,1.380e+00
5.940e+00,-3.365e-01,9.417e-01,-3.128e-01,1.028e+00,1.514e+00
5.960e+00,-3.176e-01,9.482e-01,-3.164e-01,9.832e-01,-1.837e-01
5.980e+00,-2.986e-01,9.544e-01,-2.928e-01,9.275e-01,1.182e+00
6.000e+00,-2.794e-01,9.602e-01,-2.633e-01,8.760e-01,1.475e+00
6.020e+00,-2.602e-01,9.656e-01,-2.723e-01,8.423e-01,-4.484e-01
6.040e+00,-2.408e-01,9.706e-01,-2.570e-01,8.315e-01,7.654e-01
6.060e+00,-2.213e-01,9.752e-01,-2.172e-01,8.270e-01,1.987e+00
6.080e+00,-2.018e-01,9.794e-01,-2.140e-01,8.230e-01,1.598e-01
6.100e+00,-1.822e-01,9.833e-01,-1.658e-01,8.181e-01,2.414e+00
6.120e+00,-1.625e-01,9.867e-01,-1.442e-01,8.092e-01,1.078e+00
6.140e+00,-1.427e-01,9.898e-01,-1.789e-01,8.190e-01,-1.734e+00
6.160e+00,-1.229e-01,9.924e-01,-1.341e-01,8.595e-01,2.237e+00
6.180e+00,-1.030e-01,9.947e-01,-7.027e-02,9.009e-01,3.193e+00
6.200e+00,-8.309e-02,9.965e-01,-6.051e-02,9.338e-01,4.880e-01
6.220e+00,-6.314e-02,9.980e-01,-2.321e-02,9.696e-01,1.865e+00
6.240e+00,-4.317e-02,9.991e-01,-5.145e-02,1.016e+00,-1.412e+00
6.260e+00,-2.318e-02,9.997e-01,-9.718e-03,1.079e+00,2.087e+00
6.280e+00,-3.185e-03,1.000e+00,2.874e-02,1.126e+00,1.923e+00
6.300e+00,1.681e-02,9.999e-01,9.299e-03,1.146e+00,-9.722e-01
6.320e+00,3.681e-02,9.993e-01,-4.912e-03,1.155e+00,-7.106e-01
6.340e+00,5.678e-02,9.984e-01,8.133e-02,1.135e+00,4.312e+00
6.360e+00,7.674e-02,9.971e-01,1.323e-01,1.058e+00,2.547e+00
6.380e+00,9.666e-02,9.953e-01,7.922e-02,9.619e-01,-2.652e+00
6.400e+00,1.165e-01,9.932e-01,1.215e-01,8.972e-01,2.116e+00
6.420e+00,1.364e-01,9.907e-01,1.302e-01,8.802e-01,4.311e-01
6.440e+00,1.562e-01,9.877e-01,1.523e-01,9.170e-01,1.108e+00
6.460e+00,1.759e-01,9.844e-01,1.917e-01,9.645e-01,1.969e+00
6.480e+00,1.955e-01,9.807e-01,2.156e-01,9.866e-01,1.193e+00
6.500e+00,2.151e-01,9.766e-01,1.828e-01,9.891e-01,-1.639e+00
6.520e+00,2.346e-01,9.721e-01,2.239e-01,9.843e-01,2.057e+00
6.540e+00,2.540e-01,9.672e-01,2.322e-01,9.665e-01,4.145e-01
6.560e+00,2.733e-01,9.619e-01,2.600e-01,9.235e-01,1.390e+00
6.580e+00,2.925e-01,9.563e-01,2.827e-01,8.689e-01,1.134e+00
6.600e+00,3.115e-01,9.502e-01,3.110e-01,8.400e-01,1.416e+00
6.620e+00,3.305e-01,9.438e-01,3.190e-01,8.411e-01,3.974e-01
6.640e+00,3.493e-01,9.370e-01,3.813e-01,8.436e-01,3.119e+00
6.660e+00,3.680e-01,9.298e-01,3.747e-01,8.527e-01,-3.334e-01
6.680e+00,3.865e-01,9.223e-01,4.008e-01,9.118e-01,1.304e+00
6.700e+00,4.048e-01,9.144e-01,3.925e-01,1.003e+00,-4.112e-01
6.720e+00,4.231e-01,9.061e-01,4.167e-01,1.098e+00,1.208e+00
6.740e+00,4.411e-01,8.975e-01,4.418e-01,1.148e+00,1.256e+00
6.760e+00,4.590e-01,8.885e-01,4.210e-01,1.128e+00,-1.041e+00
6.780e+00,4.766e-01,8.791e-01,4.769e-01,1.054e+00,2.797e+00
6.800e+00,4.941e-01,8.694e-01,4.753e-01,9.506e-01,-8.253e-02
6.820e+00,5.114e-01,8.593e-01,4.868e-01,8.442e-01,5.768e-01
6.840e+00,5.285e-01,8.489e-01,5.300e-01,7.616e-01,2.158e+00
6.860e+00,5.454e-01,8.382e-01,5.476e-01,7.134e-01,8.798e-01
6.880e+00,5.620e-01,8.271e-01,5.398e-01,7.144e-01,-3.887e-01
6.900e+00,5.784e-01,8.157e-01,5.979e-01,7.628e-01,2.907e+00
6.920e+00,5.946e-01,8.040e-01,5.846e-01,8.285e-01,-6.681e-01
6.940e+00,6.106e-01,7.919e-01,6.190e-01,8.896e-01,1.720e+00
6.960e+00,6.263e-01,7.796e-01,6.233e-01,9.362e-01,2.183e-01
6.980e+00,6.418e-01,7.669e-01,6.134e-01,9.626e-01,-4.979e-01
7.000e+00,6.570e-01,7.539e-01,6.657e-01,9.665e-01,2.614e+00
7.020e+00,6.719e-01,7.406e-01,6.881e-01,9.310e-01,1.119e+00
7.040e+00,6.866e-01,7.270e-01,6.593e-01,8.776e-01,-1.436e+00
7.060e+00,7.010e-01,7.132e-01,7.241e-01,8.370e-01,3.238e+00
7.080e+00,7.151e-01,6.990e-01,6.702e-01,7.961e-01,-2.693e+00
7.100e+00,7.290e-01,6.845e-01,7.612e-01,7.757e-01,4.547e+00
7.120e+00,7.425e-01,6.698e-01,7.654e-01,7.559e-01,2.116e-01
7.140e+00,7.558e-01,6.548e-01,7.432e-01,7.464e-01,-1.111e+00
7.160e+00,7.687e-01,6.396e-01,7.346e-01,7.628e-01,-4.275e-01
7.180e+00,7.813e-01,6.241e-01,7.836e-01,7.829e-01,2.448e+00
7.200e+00,7.937e-01,6.084e-01,8.316e-01,7.652e-01,2.402e+00
7.220e+00,8.057e-01,5.924e-01,7.899e-01,7.259e-01,-2.089e+00
7.240e+00,8.174e-01,5.761e-01,8.200e-01,6.960e-01,1.509e+00
7.260e+00,8.287e-01,5.597e-01,8.494e-01,6.806e-01,1.467e+00
7.280e+00,8.397e-01,5.430e-01,8.309e-01,6.765e-01,-9.259e-01
7.300e+00,8.504e-01,5.261e-01,8.737e-01,6.730e-01,2.141e+00
7.320e+00,8.608e-01,5.090e-01,8.938e-01,6.670e-01,1.007e+00
7.340e+00,8.708e-01,4.916e-01,8.750e-01,6.746e-01,-9.418e-01
7.360e+00,8.805e-01,4.741e-01,9.072e-01,6.933e-01,1.612e+00
7.380e+00,8.898e-01,4.564e-01,8.774e-01,7.123e-01,-1.488e+00
7.400e+00,8.987e-01,4.385e-01,9.272e-01,6.967e-01,2.487e+00
7.420e+00,9.073e-01,4.205e-01,9.016e-01,6.491e-01,-1.280e+00
7.440e+00,9.155e-01,4.023e-01,9.100e-01,6.046e-01,4.232e-01
7.460e+00,9.234e-01,3.839e-01,8.997e-01,5.596e-01,-5.176e-01
7.480e+00,9.309e-01,3.653e-01,9.772e-01,4.881e-01,3.877e+00
7.500e+00,9.380e-01,3.466e-01,9.395e-01,3.935e-01,-1.888e+00
7.520e+00,9.447e-01,3.278e-01,9.438e-01,3.391e-01,2.169e-01
7.540e+00,9.511e-01,3.088e-01,9.410e-01,3.267e-01,-1.411e-01
7.560e+00,9.571e-01,2.898e-01,9.638e-01,3.411e-01,1.141e+00
7.580e+00,9.627e-01,2.706e-01,9.731e-01,3.652e-01,4.637e-01
7.600e+00,9.679e-01,2.513e-01,9.667e-01,3.758e-01,-3.190e-01
7.620e+00,9.728e-01,2.319e-01,9.778e-01,3.727e-01,5.526e-01
7.640e+00,9.772e-01,2.124e-01,9.628e-01,3.600e-01,-7.454e-01
7.660e+00,9.812e-01,1.928e-01,9.913e-01,3.353e-01,1.420e+00
7.680e+00,9.849e-01,1.731e-01,9.848e-01,3.009e-01,-3.247e-01
7.700e+00,9.882e-01,1.534e-01,9.815e-01,2.614e-01,-1.629e-01
7.720e+00,9.910e-01,1.336e-01,9.715e-01,2.388e-01,-4.975e-01
7.740e+00,9.935e-01,1.137e-01,9.727e-01,2.289e-01,5.650e-02
7.760e+00,9.956e-01,9.384e-02,9.942e-01,2.079e-01,1.075e+00
7.780e+00,9.973e-01,7.391e-02,1.002e+00,1.537e-01,3.939e-01
7.800e+00,9.985e-01,5.396e-02,1.015e+00,1.041e-01,6.515e-01
7.820e+00,9.994e-01,3.398e-02,9.976e-01,8.370e-02,-8.747e-01
7.840e+00,9.999e-01,1.398e-02,9.994e-01,1.013e-01,8.777e-02
7.860e+00,1.000e+00,-6.018e-03,9.916e-01,1.356e-01,-3.896e-01
7.880e+00,9.997e-01,-2.602e-02,1.000e+00,1.676e-01,4.451e-01
7.900e+00,9.989e-01,-4.600e-02,1.008e+00,1.830e-01,3.587e-01
7.920e+00,9.978e-01,-6.597e-02,9.756e-01,1.751e-01,-1.600e+00
7.940e+00,9.963e-01,-8.591e-02,1.004e+00,1.471e-01,1.422e+00
7.960e+00,9.944e-01,-1.058e-01,9.979e-01,8.559e-02,-3.090e-01
7.980e+00,9.921e-01,-1.257e-01,1.025e+00,1.540e-02,1.348e+00
8.000e+00,9.894e-01,-1.455e-01,1.005e+00,-3.366e-02,-9.910e-01
8.020e+00,9.863e-01,-1.653e-01,9.750e-01,-3.320e-02,-1.504e+00
8.040e+00,9.827e-01,-1.849e-01,9.728e-01,4.770e-03,-1.093e-01
8.060e+00,9.789e-01,-2.046e-01,1.005e+00,3.417e-02,1.587e+00
8.080e+00,9.746e-01,-2.241e-01,9.627e-01,2.562e-02,-2.091e+00
8.100e+00,9.699e-01,-2.435e-01,9.534e-01,-1.157e-02,-4.658e-01
8.120e+00,9.648e-01,-2.629e-01,9.627e-01,-7.022e-02,4.657e-01
8.140e+00,9.594e-01,-2.821e-01,9.797e-01,-1.481e-01,8.507e-01
8.160e+00,9.535e-01,-3.013e-01,9.679e-01,-2.258e-01,-5.909e-01
8.180e+00,9.473e-01,-3.203e-01,9.459e-01,-2.760e-01,-1.101e+00
8.200e+00,9.407e-01,-3.392e-01,9.720e-01,-2.805e-01,1.304e+00
8.220e+00,9.338e-01,-3.579e-01,9.333e-01,-2.447e-01,-1.932e+00
8.240e+00,9.264e-01,-3.765e-01,9.049e-01,-1.912e-01,-1.421e+00
8.260e+00,9.187e-01,-3.950e-01,9.044e-01,-1.556e-01,-2.608e-02
8.280e+00,9.106e-01,-4.132e-01,8.986e-01,-1.762e-01,-2.886e-01
8.300e+00,9.022e-01,-4.314e-01,8.959e-01,-2.447e-01,-1.361e-01
8.320e+00,8.934e-01,-4.493e-01,8.931e-01,-3.368e-01,-1.407e-01
8.340e+00,8.842e-01,-4.671e-01,8.669e-01,-4.344e-01,-1.311e+00
8.360e+00,8.747e-01,-4.847e-01,8.721e-01,-5.142e-01,2.633e-01
8.380e+00,8.648e-01,-5.021e-01,8.799e-01,-5.477e-01,3.898e-01
8.400e+00,8.546e-01,-5.193e-01,8.628e-01,-5.315e-01,-8.569e-01
8.420e+00,8.440e-01,-5.363e-01,8.380e-01,-4.779e-01,-1.241e+00
8.440e+00,8.331e-01,-5.530e-01,8.280e-01,-4.119e-01,-4.995e-01
8.460e+00,8.219e-01,-5.696e-01,8.103e-01,-3.598e-01,-8.846e-01
8.480e+00,8.104e-01,-5.859e-01,7.932e-01,-3.457e-01,-8.537e-01
8.500e+00,7.985e-01,-6.020e-01,7.991e-01,-3.848e-01,2.943e-01
8.520e+00,7.863e-01,-6.179e-01,8.096e-01,-4.542e-01,5.258e-01
8.540e+00,7.738e-01,-6.335e-01,7.407e-01,-5.222e-01,-3.444e+00
8.560e+00,7.610e-01,-6.488e-01,7.516e-01,-5.648e-01,5.430e-01
8.580e+00,7.478e-01,-6.639e-01,7.278e-01,-5.954e-01,-1.191e+00
8.600e+00,7.344e-01,-6.787e-01,7.051e-01,-6.200e-01,-1.135e+00
8.620e+00,7.207e-01,-6.933e-01,7.037e-01,-6.411e-01,-7.075e-02
8.640e+00,7.067e-01,-7.075e-01,6.955e-01,-6.642e-01,-4.066e-01
8.660e+00,6.924e-01,-7.215e-01,6.922e-01,-6.970e-01,-1.645e-01
8.680e+00,6.778e-01,-7.352e-01,6.716e-01,-7.330e-01,-1.034e+00
8.700e+00,6.630e-01,-7.486e-01,6.445e-01,-7.490e-01,-1.353e+00
8.720e+00,6.479e-01,-7.618e-01,6.849e-01,-7.343e-01,2.021e+00
8.740e+00,6.325e-01,-7.746e-01,6.440e-01,-6.969e-01,-2.046e+00
8.760e+00,6.169e-01,-7.871e-01,6.451e-01,-6.279e-01,5.283e-02
8.780e+00,6.010e-01,-7.992e-01,5.890e-01,-5.479e-01,-2.804e+00
8.800e+00,5.849e-01,-8.111e-01,6.075e-01,-4.892e-01,9.248e-01
8.820e+00,5.686e-01,-8.226e-01,5.613e-01,-4.799e-01,-2.307e+00
8.840e+00,5.520e-01,-8.338e-01,5.638e-01,-5.040e-01,1.251e-01
8.860e+00,5.352e-01,-8.447e-01,5.541e-01,-5.684e-01,-4.890e-01
8.880e+00,5.182e-01,-8.552e-01,5.222e-01,-6.507e-01,-1.593e+00
8.900e+00,5.010e-01,-8.654e-01,4.817e-01,-7.255e-01,-2.023e+00
8.920e+00,4.836e-01,-8.753e-01,4.791e-01,-7.895e-01,-1.337e-01
8.940e+00,4.660e-01,-8.848e-01,4.797e-01,-8.505e-01,3.204e-02
8.960e+00,4.482e-01,-8.939e-01,4.526e-01,-9.012e-01,-1.358e+00
8.980e+00,4.303e-01,-9.027e-01,4.202e-01,-9.210e-01,-1.620e+00
9.000e+00,4.121e-01,-9.111e-01,4.030e-01,-9.163e-01,-8.573e-01
9.020e+00,3.938e-01,-9.192e-01,4.018e-01,-9.187e-01,-6.155e-02
9.040e+00,3.754e-01,-9.269e-01,3.604e-01,-9.270e-01,-2.066e+00
9.060e+00,3.567e-01,-9.342e-01,3.291e-01,-9.320e-01,-1.567e+00
9.080e+00,3.380e-01,-9.412e-01,3.465e-01,-9.317e-01,8.672e-01
9.100e+00,3.191e-01,-9.477e-01,3.337e-01,-9.461e-01,-6.398e-01
9.120e+00,3.001e-01,-9.539e-01,2.965e-01,-9.574e-01,-1.857e+00
9.140e+00,2.809e-01,-9.597e-01,2.569e-01,-9.588e-01,-1.982e+00
9.160e+00,2.617e-01,-9.652e-01,2.600e-01,-9.517e-01,1.579e-01
9.180e+00,2.423e-01,-9.702e-01,1.942e-01,-9.407e-01,-3.290e+00
9.200e+00,2.229e-01,-9.748e-01,2.517e-01,-9.285e-01,2.875e+00
9.220e+00,2.033e-01,-9.791e-01,2.067e-01,-9.462e-01,-2.253e+00
9.240e+00,1.837e-01,-9.830e-01,2.054e-01,-9.728e-01,-6.234e-02
9.260e+00,1.640e-01,-9.865e-01,1.747e-01,-9.820e-01,-1.536e+00
9.280e+00,1.443e-01,-9.895e-01,9.898e-02,-9.576e-01,-3.786e+00
9.300e+00,1.245e-01,-9.922e-01,1.058e-01,-9.137e-01,3.420e-01
9.320e+00,1.046e-01,-9.945e-01,1.093e-01,-8.932e-01,1.745e-01
9.340e+00,8.468e-02,-9.964e-01,8.143e-02,-9.016e-01,-1.394e+00
9.360e+00,6.473e-02,-9.979e-01,5.396e-02,-9.313e-01,-1.373e+00
9.380e+00,4.476e-02,-9.990e-01,3.283e-02,-9.855e-01,-1.057e+00
9.400e+00,2.478e-02,-9.997e-01,7.615e-03,-1.048e+00,-1.261e+00
9.420e+00,4.778e-03,-1.000e+00,-1.474e-02,-1.092e+00,-1.118e+00
9.440e+00,-1.522e-02,-9.999e-01,3.140e-02,-1.103e+00,2.307e+00
9.460e+00,-3.521e-02,-9.994e-01,-1.599e-02,-1.081e+00,-2.369e+00
9.480e+00,-5.519e-02,-9.985e-01,-5.160e-02,-1.007e+00,-1.780e+00
9.500e+00,-7.515e-02,-9.972e-01,-9.199e-02,-9.211e-01,-2.020e+00
9.520e+00,-9.508e-02,-9.955e-01,-1.029e-01,-8.529e-01,-5.447e-01
9.540e+00,-1.150e-01,-9.934e-01,-9.680e-02,-8.355e-01,3.042e-01
9.560e+00,-1.348e-01,-9.909e-01,-1.341e-01,-8.575e-01,-1.863e+00
9.580e+00,-1.546e-01,-9.880e-01,-1.615e-01,-8.850e-01,-1.373e+00
9.600e+00,-1.743e-01,-9.847e-01,-1.756e-01,-9.269e-01,-7.066e-01
9.620e+00,-1.940e-01,-9.810e-01,-1.921e-01,-9.871e-01,-8.227e-01
9.640e+00,-2.136e-01,-9.769e-01,-2.454e-01,-1.044e+00,-2.663e+00
9.660e+00,-2.331e-01,-9.725e-01,-2.398e-01,-1.075e+00,2.794e-01
9.680e+00,-2.525e-01,-9.676e-01,-2.188e-01,-1.086e+00,1.047e+00
9.700e+00,-2.718e-01,-9.624e-01,-2.572e-01,-1.075e+00,-1.918e+00
9.720e+00,-2.910e-01,-9.567e-01,-2.885e-01,-1.040e+00,-1.565e+00
9.740e+00,-3.100e-01,-9.507e-01,-3.031e-01,-1.001e+00,-7.296e-01
9.760e+00,-3.290e-01,-9.443e-01,-3.074e-01,-9.571e-01,-2.155e-01
9.780e+00,-3.478e-01,-9.376e-01,-3.561e-01,-9.055e-01,-2.434e+00
9.800e+00,-3.665e-01,-9.304e-01,-3.422e-01,-8.504e-01,6.930e-01
9.820e+00,-3.850e-01,-9.229e-01,-3.775e-01,-8.241e-01,-1.762e+00
9.840e+00,-4.034e-01,-9.150e-01,-4.071e-01,-8.326e-01,-1.481e+00
9.860e+00,-4.216e-01,-9.068e-01,-4.014e-01,-8.632e-01,2.862e-01
9.880e+00,-4.397e-01,-8.982e-01,-4.262e-01,-9.088e-01,-1.243e+00
9.900e+00,-4.575e-01,-8.892e-01,-4.506e-01,-9.484e-01,-1.219e+00
9.920e+00,-4.752e-01,-8.799e-01,-4.894e-01,-9.602e-01,-1.942e+00
9.940e+00,-4.927e-01,-8.702e-01,-5.007e-01,-9.417e-01,-5.634e-01
9.960e+00,-5.100e-01,-8.602e-01,-5.173e-01,-9.328e-01,-8.274e-01
9.980e+00,-5.271e-01,-8.498e-01,-5.401e-01,-9.540e-01,-1.142e+00
