w,A_A,p_A,A_B,p_B
1.000e+00,-7.941e-09,-1.106e-02,2.171e-03,-4.760e-06
2.250e+00,-2.036e-07,-2.488e-02,1.098e-02,-5.417e-05
3.501e+00,-1.192e-06,-3.871e-02,2.650e-02,-2.034e-04
4.751e+00,-4.043e-06,-5.254e-02,4.863e-02,-5.066e-04
6.001e+00,-1.029e-05,-6.638e-02,7.724e-02,-1.016e-03
7.252e+00,-2.192e-05,-8.022e-02,1.121e-01,-1.783e-03
8.502e+00,-4.139e-05,-9.408e-02,1.531e-01,-2.854e-03
9.752e+00,-7.160e-05,-1.079e-01,1.999e-01,-4.274e-03
1.100e+01,-1.159e-04,-1.218e-01,2.523e-01,-6.084e-03
1.225e+01,-1.781e-04,-1.357e-01,3.099e-01,-8.321e-03
1.350e+01,-2.624e-04,-1.496e-01,3.725e-01,-1.102e-02
1.475e+01,-3.735e-04,-1.635e-01,4.396e-01,-1.421e-02
1.600e+01,-5.165e-04,-1.775e-01,5.110e-01,-1.792e-02
1.725e+01,-6.968e-04,-1.914e-01,5.864e-01,-2.217e-02
1.850e+01,-9.205e-04,-2.054e-01,6.652e-01,-2.697e-02
1.975e+01,-1.194e-03,-2.194e-01,7.473e-01,-3.234e-02
2.101e+01,-1.523e-03,-2.335e-01,8.322e-01,-3.830e-02
2.226e+01,-1.916e-03,-2.475e-01,9.196e-01,-4.485e-02
2.351e+01,-2.380e-03,-2.616e-01,1.009e+00,-5.199e-02
2.476e+01,-2.922e-03,-2.757e-01,1.101e+00,-5.973e-02
2.601e+01,-3.552e-03,-2.899e-01,1.194e+00,-6.807e-02
2.726e+01,-4.276e-03,-3.040e-01,1.288e+00,-7.699e-02
2.851e+01,-5.105e-03,-3.182e-01,1.383e+00,-8.651e-02
2.976e+01,-6.047e-03,-3.325e-01,1.479e+00,-9.661e-02
3.101e+01,-7.112e-03,-3.467e-01,1.575e+00,-1.073e-01
3.226e+01,-8.309e-03,-3.610e-01,1.671e+00,-1.185e-01
3.351e+01,-9.649e-03,-3.754e-01,1.767e+00,-1.303e-01
3.476e+01,-1.114e-02,-3.898e-01,1.863e+00,-1.426e-01
3.601e+01,-1.280e-02,-4.042e-01,1.959e+00,-1.555e-01
3.726e+01,-1.463e-02,-4.186e-01,2.054e+00,-1.688e-01
3.851e+01,-1.664e-02,-4.331e-01,2.148e+00,-1.827e-01
3.976e+01,-1.885e-02,-4.477e-01,2.241e+00,-1.971e-01
4.101e+01,-2.127e-02,-4.622e-01,2.333e+00,-2.119e-01
4.226e+01,-2.391e-02,-4.769e-01,2.424e+00,-2.272e-01
4.351e+01,-2.678e-02,-4.915e-01,2.513e+00,-2.429e-01
4.476e+01,-2.989e-02,-5.062e-01,2.601e+00,-2.591e-01
4.601e+01,-3.326e-02,-5.210e-01,2.687e+00,-2.757e-01
4.726e+01,-3.689e-02,-5.358e-01,2.772e+00,-2.926e-01
4.851e+01,-4.081e-02,-5.506e-01,2.854e+00,-3.100e-01
4.976e+01,-4.501e-02,-5.655e-01,2.935e+00,-3.278e-01
5.101e+01,-4.952e-02,-5.805e-01,3.014e+00,-3.459e-01
5.226e+01,-5.435e-02,-5.955e-01,3.091e+00,-3.644e-01
5.351e+01,-5.951e-02,-6.105e-01,3.166e+00,-3.832e-01
5.476e+01,-6.502e-02,-6.256e-01,3.239e+00,-4.023e-01
5.601e+01,-7.088e-02,-6.407e-01,3.310e+00,-4.218e-01
5.726e+01,-7.710e-02,-6.559e-01,3.379e+00,-4.415e-01
5.851e+01,-8.371e-02,-6.712e-01,3.445e+00,-4.616e-01
5.976e+01,-9.072e-02,-6.864e-01,3.509e+00,-4.819e-01
6.102e+01,-9.813e-02,-7.018e-01,3.571e+00,-5.025e-01
6.227e+01,-1.060e-01,-7.172e-01,3.631e+00,-5.234e-01
6.352e+01,-1.142e-01,-7.326e-01,3.688e+00,-5.445e-01
6.477e+01,-1.230e-01,-7.481e-01,3.743e+00,-5.659e-01
6.602e+01,-1.321e-01,-7.636e-01,3.795e+00,-5.875e-01
6.727e+01,-1.418e-01,-7.792e-01,3.846e+00,-6.093e-01
6.852e+01,-1.519e-01,-7.949e-01,3.893e+00,-6.313e-01
6.977e+01,-1.626e-01,-8.105e-01,3.939e+00,-6.536e-01
7.102e+01,-1.737e-01,-8.263e-01,3.982e+00,-6.761e-01
7.227e+01,-1.854e-01,-8.421e-01,4.022e+00,-6.987e-01
7.352e+01,-1.977e-01,-8.579e-01,4.060e+00,-7.215e-01
7.477e+01,-2.104e-01,-8.738e-01,4.096e+00,-7.446e-01
7.602e+01,-2.238e-01,-8.898e-01,4.129e+00,-7.678e-01
7.727e+01,-2.377e-01,-9.058e-01,4.160e+00,-7.911e-01
7.852e+01,-2.522e-01,-9.218e-01,4.189e+00,-8.146e-01
7.977e+01,-2.673e-01,-9.379e-01,4.214e+00,-8.383e-01
8.102e+01,-2.831e-01,-9.541e-01,4.238e+00,-8.622e-01
8.227e+01,-2.995e-01,-9.703e-01,4.259e+00,-8.861e-01
8.352e+01,-3.165e-01,-9.865e-01,4.277e+00,-9.103e-01
8.477e+01,-3.341e-01,-1.003e+00,4.293e+00,-9.345e-01
8.602e+01,-3.525e-01,-1.019e+00,4.307e+00,-9.589e-01
8.727e+01,-3.715e-01,-1.036e+00,4.318e+00,-9.834e-01
8.852e+01,-3.912e-01,-1.052e+00,4.326e+00,-1.008e+00
8.977e+01,-4.117e-01,-1.068e+00,4.332e+00,-1.033e+00
9.102e+01,-4.328e-01,-1.085e+00,4.336e+00,-1.058e+00
9.227e+01,-4.547e-01,-1.102e+00,4.337e+00,-1.083e+00
9.352e+01,-4.773e-01,-1.118e+00,4.336e+00,-1.108e+00
9.477e+01,-5.007e-01,-1.135e+00,4.332e+00,-1.133e+00
9.602e+01,-5.249e-01,-1.152e+00,4.325e+00,-1.158e+00
9.727e+01,-5.498e-01,-1.168e+00,4.316e+00,-1.183e+00
9.852e+01,-5.755e-01,-1.185e+00,4.305e+00,-1.209e+00
9.977e+01,-6.020e-01,-1.202e+00,4.291e+00,-1.234e+00
1.010e+02,-6.294e-01,-1.219e+00,4.275e+00,-1.260e+00
1.023e+02,-6.576e-01,-1.236e+00,4.256e+00,-1.286e+00
1.035e+02,-6.866e-01,-1.253e+00,4.234e+00,-1.311e+00
1.048e+02,-7.165e-01,-1.270e+00,4.210e+00,-1.337e+00
1.060e+02,-7.472e-01,-1.287e+00,4.183e+00,-1.363e+00
1.073e+02,-7.789e-01,-1.304e+00,4.154e+00,-1.389e+00
1.085e+02,-8.114e-01,-1.321e+00,4.122e+00,-1.415e+00
1.098e+02,-8.448e-01,-1.338e+00,4.088e+00,-1.441e+00
1.110e+02,-8.791e-01,-1.356e+00,4.051e+00,-1.467e+00
1.123e+02,-9.144e-01,-1.373e+00,4.012e+00,-1.494e+00
1.135e+02,-9.506e-01,-1.390e+00,3.969e+00,-1.520e+00
1.148e+02,-9.878e-01,-1.407e+00,3.925e+00,-1.546e+00
1.160e+02,-1.026e+00,-1.425e+00,3.877e+00,-1.573e+00
1.173e+02,-1.065e+00,-1.442e+00,3.827e+00,-1.599e+00
1.185e+02,-1.105e+00,-1.460e+00,3.774e+00,-1.626e+00
1.198e+02,-1.146e+00,-1.477e+00,3.719e+00,-1.652e+00
1.210e+02,-1.188e+00,-1.495e+00,3.661e+00,-1.679e+00
1.223e+02,-1.231e+00,-1.512e+00,3.600e+00,-1.705e+00
1.235e+02,-1.275e+00,-1.530e+00,3.537e+00,-1.732e+00
1.248e+02,-1.321e+00,-1.547e+00,3.470e+00,-1.758e+00
1.260e+02,-1.367e+00,-1.565e+00,3.401e+00,-1.785e+00
1.273e+02,-1.414e+00,-1.583e+00,3.329e+00,-1.812e+00
1.285e+02,-1.463e+00,-1.600e+00,3.254e+00,-1.839e+00
1.298e+02,-1.512e+00,-1.618e+00,3.177e+00,-1.865e+00
1.310e+02,-1.563e+00,-1.636e+00,3.096e+00,-1.892e+00
1.323e+02,-1.615e+00,-1.653e+00,3.013e+00,-1.919e+00
1.335e+02,-1.667e+00,-1.671e+00,2.927e+00,-1.946e+00
1.348e+02,-1.722e+00,-1.689e+00,2.837e+00,-1.973e+00
1.360e+02,-1.777e+00,-1.707e+00,2.745e+00,-1.999e+00
1.373e+02,-1.833e+00,-1.725e+00,2.650e+00,-2.026e+00
1.385e+02,-1.891e+00,-1.742e+00,2.551e+00,-2.053e+00
1.398e+02,-1.949e+00,-1.760e+00,2.450e+00,-2.080e+00
1.410e+02,-2.009e+00,-1.778e+00,2.345e+00,-2.107e+00
1.423e+02,-2.071e+00,-1.796e+00,2.238e+00,-2.134e+00
1.435e+02,-2.133e+00,-1.814e+00,2.127e+00,-2.161e+00
1.448e+02,-2.197e+00,-1.832e+00,2.012e+00,-2.187e+00
1.460e+02,-2.262e+00,-1.850e+00,1.895e+00,-2.214e+00
1.473e+02,-2.328e+00,-1.868e+00,1.774e+00,-2.241e+00
1.485e+02,-2.396e+00,-1.886e+00,1.649e+00,-2.268e+00
1.498e+02,-2.464e+00,-1.904e+00,1.521e+00,-2.295e+00
1.510e+02,-2.535e+00,-1.922e+00,1.390e+00,-2.322e+00
1.523e+02,-2.606e+00,-1.940e+00,1.255e+00,-2.348e+00
1.535e+02,-2.679e+00,-1.958e+00,1.116e+00,-2.375e+00
1.548e+02,-2.753e+00,-1.976e+00,9.737e-01,-2.402e+00
1.560e+02,-2.829e+00,-1.994e+00,8.275e-01,-2.429e+00
1.573e+02,-2.906e+00,-2.012e+00,6.774e-01,-2.455e+00
1.585e+02,-2.985e+00,-2.030e+00,5.234e-01,-2.482e+00
1.598e+02,-3.065e+00,-2.048e+00,3.653e-01,-2.509e+00
1.610e+02,-3.146e+00,-2.066e+00,2.031e-01,-2.535e+00
1.623e+02,-3.229e+00,-2.084e+00,3.665e-02,-2.562e+00
1.635e+02,-3.314e+00,-2.102e+00,-1.341e-01,-2.588e+00
1.648e+02,-3.399e+00,-2.120e+00,-3.092e-01,-2.614e+00
1.660e+02,-3.487e+00,-2.138e+00,-4.889e-01,-2.641e+00
1.673e+02,-3.576e+00,-2.156e+00,-6.733e-01,-2.667e+00
1.685e+02,-3.666e+00,-2.174e+00,-8.623e-01,-2.693e+00
1.698e+02,-3.759e+00,-2.192e+00,-1.056e+00,-2.719e+00
1.710e+02,-3.852e+00,-2.210e+00,-1.255e+00,-2.745e+00
1.723e+02,-3.948e+00,-2.227e+00,-1.459e+00,-2.771e+00
1.735e+02,-4.045e+00,-2.245e+00,-1.669e+00,-2.797e+00
1.748e+02,-4.144e+00,-2.263e+00,-1.884e+00,-2.823e+00
1.760e+02,-4.244e+00,-2.281e+00,-2.105e+00,-2.848e+00
1.773e+02,-4.346e+00,-2.299e+00,-2.331e+00,-2.873e+00
1.785e+02,-4.450e+00,-2.317e+00,-2.564e+00,-2.899e+00
1.798e+02,-4.556e+00,-2.334e+00,-2.802e+00,-2.924e+00
1.810e+02,-4.663e+00,-2.352e+00,-3.048e+00,-2.949e+00
1.823e+02,-4.773e+00,-2.370e+00,-3.300e+00,-2.973e+00
1.835e+02,-4.884e+00,-2.387e+00,-3.559e+00,-2.998e+00
1.848e+02,-4.997e+00,-2.405e+00,-3.825e+00,-3.022e+00
1.860e+02,-5.112e+00,-2.423e+00,-4.099e+00,-3.046e+00
1.873e+02,-5.228e+00,-2.440e+00,-4.380e+00,-3.070e+00
1.885e+02,-5.347e+00,-2.458e+00,-4.670e+00,-3.094e+00
1.898e+02,-5.468e+00,-2.475e+00,-4.968e+00,-3.117e+00
1.910e+02,-5.591e+00,-2.492e+00,-5.276e+00,-3.140e+00
1.923e+02,-5.715e+00,-2.510e+00,-5.593e+00,-3.162e+00
1.935e+02,-5.842e+00,-2.527e+00,-5.919e+00,-3.184e+00
1.948e+02,-5.971e+00,-2.544e+00,-6.256e+00,-3.206e+00
1.960e+02,-6.102e+00,-2.561e+00,-6.604e+00,-3.227e+00
1.973e+02,-6.236e+00,-2.578e+00,-6.964e+00,-3.247e+00
1.985e+02,-6.371e+00,-2.595e+00,-7.335e+00,-3.267e+00
1.998e+02,-6.509e+00,-2.612e+00,-7.720e+00,-3.286e+00
2.011e+02,-6.649e+00,-2.629e+00,-8.118e+00,-3.304e+00
2.023e+02,-6.791e+00,-2.646e+00,-8.530e+00,-3.322e+00
2.036e+02,-6.936e+00,-2.662e+00,-8.958e+00,-3.338e+00
2.048e+02,-7.083e+00,-2.679e+00,-9.402e+00,-3.353e+00
2.061e+02,-7.233e+00,-2.695e+00,-9.864e+00,-3.367e+00
2.073e+02,-7.385e+00,-2.712e+00,-1.034e+01,-3.380e+00
2.086e+02,-7.539e+00,-2.728e+00,-1.084e+01,-3.391e+00
2.098e+02,-7.697e+00,-2.744e+00,-1.137e+01,-3.400e+00
2.111e+02,-7.856e+00,-2.760e+00,-1.191e+01,-3.406e+00
2.123e+02,-8.019e+00,-2.776e+00,-1.248e+01,-3.410e+00
2.136e+02,-8.184e+00,-2.791e+00,-1.307e+01,-3.411e+00
2.148e+02,-8.352e+00,-2.807e+00,-1.369e+01,-3.408e+00
2.161e+02,-8.523e+00,-2.822e+00,-1.433e+01,-3.400e+00
2.173e+02,-8.696e+00,-2.837e+00,-1.501e+01,-3.388e+00
2.186e+02,-8.873e+00,-2.852e+00,-1.571e+01,-3.369e+00
2.198e+02,-9.053e+00,-2.867e+00,-1.643e+01,-3.342e+00
2.211e+02,-9.235e+00,-2.882e+00,-1.718e+01,-3.307e+00
2.223e+02,-9.421e+00,-2.896e+00,-1.793e+01,-3.260e+00
2.236e+02,-9.610e+00,-2.910e+00,-1.868e+01,-3.201e+00
2.248e+02,-9.802e+00,-2.924e+00,-1.941e+01,-3.128e+00
2.261e+02,-9.997e+00,-2.938e+00,-2.007e+01,-3.039e+00
2.273e+02,-1.020e+01,-2.951e+00,-2.063e+01,-2.936e+00
2.286e+02,-1.040e+01,-2.964e+00,-2.104e+01,-2.819e+00
2.298e+02,-1.060e+01,-2.977e+00,-2.126e+01,-2.695e+00
2.311e+02,-1.081e+01,-2.990e+00,-2.128e+01,-2.570e+00
2.323e+02,-1.103e+01,-3.002e+00,-2.110e+01,-2.451e+00
2.336e+02,-1.124e+01,-3.014e+00,-2.076e+01,-2.344e+00
2.348e+02,-1.146e+01,-3.025e+00,-2.031e+01,-2.252e+00
2.361e+02,-1.169e+01,-3.036e+00,-1.979e+01,-2.175e+00
2.373e+02,-1.191e+01,-3.047e+00,-1.924e+01,-2.112e+00
2.386e+02,-1.214e+01,-3.057e+00,-1.867e+01,-2.063e+00
2.398e+02,-1.238e+01,-3.067e+00,-1.811e+01,-2.025e+00
2.411e+02,-1.262e+01,-3.076e+00,-1.757e+01,-1.996e+00
2.423e+02,-1.286e+01,-3.084e+00,-1.705e+01,-1.975e+00
2.436e+02,-1.311e+01,-3.093e+00,-1.657e+01,-1.961e+00
2.448e+02,-1.336e+01,-3.100e+00,-1.610e+01,-1.953e+00
2.461e+02,-1.362e+01,-3.107e+00,-1.567e+01,-1.949e+00
2.473e+02,-1.387e+01,-3.113e+00,-1.526e+01,-1.948e+00
2.486e+02,-1.414e+01,-3.118e+00,-1.488e+01,-1.951e+00
2.498e+02,-1.441e+01,-3.123e+00,-1.453e+01,-1.957e+00
2.511e+02,-1.468e+01,-3.127e+00,-1.419e+01,-1.965e+00
2.523e+02,-1.495e+01,-3.129e+00,-1.388e+01,-1.976e+00
2.536e+02,-1.523e+01,-3.131e+00,-1.359e+01,-1.988e+00
2.548e+02,-1.551e+01,-3.132e+00,-1.332e+01,-2.001e+00
2.561e+02,-1.579e+01,-3.132e+00,-1.307e+01,-2.016e+00
2.573e+02,-1.608e+01,-3.130e+00,-1.283e+01,-2.032e+00
2.586e+02,-1.637e+01,-3.128e+00,-1.261e+01,-2.049e+00
2.598e+02,-1.666e+01,-3.124e+00,-1.241e+01,-2.067e+00
2.611e+02,-1.696e+01,-3.118e+00,-1.222e+01,-2.086e+00
2.623e+02,-1.725e+01,-3.112e+00,-1.204e+01,-2.105e+00
2.636e+02,-1.754e+01,-3.103e+00,-1.188e+01,-2.126e+00
2.648e+02,-1.784e+01,-3.093e+00,-1.173e+01,-2.146e+00
2.661e+02,-1.813e+01,-3.082e+00,-1.159e+01,-2.168e+00
2.673e+02,-1.841e+01,-3.068e+00,-1.146e+01,-2.189e+00
2.686e+02,-1.870e+01,-3.053e+00,-1.135e+01,-2.211e+00
2.698e+02,-1.898e+01,-3.036e+00,-1.124e+01,-2.234e+00
2.711e+02,-1.925e+01,-3.017e+00,-1.115e+01,-2.257e+00
2.723e+02,-1.951e+01,-2.996e+00,-1.106e+01,-2.280e+00
2.736e+02,-1.976e+01,-2.974e+00,-1.099e+01,-2.303e+00
2.748e+02,-1.999e+01,-2.949e+00,-1.092e+01,-2.327e+00
2.761e+02,-2.022e+01,-2.923e+00,-1.086e+01,-2.351e+00
2.773e+02,-2.042e+01,-2.895e+00,-1.081e+01,-2.375e+00
2.786e+02,-2.061e+01,-2.866e+00,-1.077e+01,-2.399e+00
2.798e+02,-2.077e+01,-2.836e+00,-1.074e+01,-2.424e+00
2.811e+02,-2.092e+01,-2.804e+00,-1.072e+01,-2.448e+00
2.823e+02,-2.104e+01,-2.772e+00,-1.070e+01,-2.473e+00
2.836e+02,-2.114e+01,-2.740e+00,-1.069e+01,-2.498e+00
2.848e+02,-2.121e+01,-2.707e+00,-1.069e+01,-2.523e+00
2.861e+02,-2.126e+01,-2.675e+00,-1.069e+01,-2.548e+00
2.873e+02,-2.129e+01,-2.643e+00,-1.071e+01,-2.573e+00
2.886e+02,-2.129e+01,-2.612e+00,-1.073e+01,-2.598e+00
2.898e+02,-2.127e+01,-2.582e+00,-1.076e+01,-2.624e+00
2.911e+02,-2.124e+01,-2.553e+00,-1.079e+01,-2.649e+00
2.923e+02,-2.118e+01,-2.526e+00,-1.083e+01,-2.674e+00
2.936e+02,-2.111e+01,-2.500e+00,-1.088e+01,-2.700e+00
2.948e+02,-2.103e+01,-2.476e+00,-1.094e+01,-2.725e+00
2.961e+02,-2.093e+01,-2.454e+00,-1.100e+01,-2.751e+00
2.973e+02,-2.082e+01,-2.434e+00,-1.107e+01,-2.776e+00
2.986e+02,-2.071e+01,-2.416e+00,-1.115e+01,-2.802e+00
2.998e+02,-2.058e+01,-2.399e+00,-1.123e+01,-2.827e+00
3.011e+02,-2.045e+01,-2.384e+00,-1.132e+01,-2.853e+00
3.023e+02,-2.032e+01,-2.371e+00,-1.142e+01,-2.878e+00
3.036e+02,-2.019e+01,-2.360e+00,-1.153e+01,-2.903e+00
3.048e+02,-2.005e+01,-2.350e+00,-1.164e+01,-2.929e+00
3.061e+02,-1.992e+01,-2.342e+00,-1.176e+01,-2.954e+00
3.073e+02,-1.978e+01,-2.336e+00,-1.188e+01,-2.979e+00
3.086e+02,-1.965e+01,-2.331e+00,-1.202e+01,-3.004e+00
3.098e+02,-1.952e+01,-2.327e+00,-1.216e+01,-3.029e+00
3.111e+02,-1.939e+01,-2.325e+00,-1.231e+01,-3.054e+00
3.123e+02,-1.926e+01,-2.323e+00,-1.247e+01,-3.079e+00
3.136e+02,-1.914e+01,-2.323e+00,-1.263e+01,-3.103e+00
3.148e+02,-1.902e+01,-2.324e+00,-1.281e+01,-3.128e+00
3.161e+02,-1.890e+01,-2.326e+00,-1.299e+01,-3.152e+00
3.173e+02,-1.879e+01,-2.329e+00,-1.318e+01,-3.176e+00
3.186e+02,-1.868e+01,-2.332e+00,-1.338e+01,-3.200e+00
3.198e+02,-1.858e+01,-2.337e+00,-1.358e+01,-3.224e+00
3.211e+02,-1.848e+01,-2.342e+00,-1.380e+01,-3.247e+00
3.223e+02,-1.838e+01,-2.348e+00,-1.403e+01,-3.270e+00
3.236e+02,-1.829e+01,-2.355e+00,-1.427e+01,-3.293e+00
3.248e+02,-1.820e+01,-2.362e+00,-1.451e+01,-3.316e+00
3.261e+02,-1.812e+01,-2.370e+00,-1.477e+01,-3.338e+00
3.273e+02,-1.805e+01,-2.378e+00,-1.504e+01,-3.360e+00
3.286e+02,-1.797e+01,-2.387e+00,-1.532e+01,-3.381e+00
3.298e+02,-1.791e+01,-2.396e+00,-1.561e+01,-3.401e+00
3.311e+02,-1.784e+01,-2.406e+00,-1.592e+01,-3.422e+00
3.323e+02,-1.778e+01,-2.416e+00,-1.624e+01,-3.441e+00
3.336e+02,-1.773e+01,-2.427e+00,-1.657e+01,-3.460e+00
3.348e+02,-1.768e+01,-2.438e+00,-1.692e+01,-3.478e+00
3.361e+02,-1.763e+01,-2.449e+00,-1.728e+01,-3.495e+00
3.373e+02,-1.759e+01,-2.461e+00,-1.767e+01,-3.511e+00
3.386e+02,-1.755e+01,-2.473e+00,-1.806e+01,-3.526e+00
3.398e+02,-1.752e+01,-2.485e+00,-1.848e+01,-3.539e+00
3.411e+02,-1.749e+01,-2.497e+00,-1.892e+01,-3.551e+00
3.423e+02,-1.747e+01,-2.510e+00,-1.937e+01,-3.561e+00
3.436e+02,-1.744e+01,-2.523e+00,-1.985e+01,-3.570e+00
3.448e+02,-1.743e+01,-2.536e+00,-2.035e+01,-3.575e+00
3.461e+02,-1.742e+01,-2.549e+00,-2.088e+01,-3.579e+00
3.473e+02,-1.741e+01,-2.563e+00,-2.144e+01,-3.578e+00
3.486e+02,-1.740e+01,-2.576e+00,-2.202e+01,-3.574e+00
3.498e+02,-1.740e+01,-2.590e+00,-2.263e+01,-3.565e+00
3.511e+02,-1.741e+01,-2.604e+00,-2.327e+01,-3.551e+00
3.523e+02,-1.741e+01,-2.618e+00,-2.393e+01,-3.530e+00
3.536e+02,-1.742e+01,-2.632e+00,-2.462e+01,-3.502e+00
3.548e+02,-1.744e+01,-2.647e+00,-2.533e+01,-3.464e+00
3.561e+02,-1.746e+01,-2.661e+00,-2.604e+01,-3.414e+00
3.573e+02,-1.748e+01,-2.675e+00,-2.675e+01,-3.352e+00
3.586e+02,-1.751e+01,-2.690e+00,-2.742e+01,-3.275e+00
3.598e+02,-1.754e+01,-2.705e+00,-2.802e+01,-3.183e+00
3.611e+02,-1.757e+01,-2.719e+00,-2.850e+01,-3.076e+00
3.623e+02,-1.761e+01,-2.734e+00,-2.883e+01,-2.957e+00
3.636e+02,-1.765e+01,-2.749e+00,-2.897e+01,-2.833e+00
3.648e+02,-1.770e+01,-2.764e+00,-2.890e+01,-2.709e+00
3.661e+02,-1.774e+01,-2.778e+00,-2.865e+01,-2.593e+00
3.673e+02,-1.780e+01,-2.793e+00,-2.825e+01,-2.490e+00
3.686e+02,-1.785e+01,-2.808e+00,-2.775e+01,-2.401e+00
3.698e+02,-1.791e+01,-2.823e+00,-2.719e+01,-2.328e+00
3.711e+02,-1.798e+01,-2.838e+00,-2.660e+01,-2.269e+00
3.723e+02,-1.805e+01,-2.853e+00,-2.600e+01,-2.223e+00
3.736e+02,-1.812e+01,-2.867e+00,-2.542e+01,-2.187e+00
3.748e+02,-1.819e+01,-2.882e+00,-2.485e+01,-2.161e+00
3.761e+02,-1.827e+01,-2.897e+00,-2.432e+01,-2.142e+00
3.773e+02,-1.835e+01,-2.911e+00,-2.381e+01,-2.129e+00
3.786e+02,-1.844e+01,-2.926e+00,-2.332e+01,-2.121e+00
3.798e+02,-1.853e+01,-2.940e+00,-2.287e+01,-2.118e+00
3.811e+02,-1.863e+01,-2.955e+00,-2.244e+01,-2.119e+00
3.823e+02,-1.872e+01,-2.969e+00,-2.204e+01,-2.123e+00
3.836e+02,-1.883e+01,-2.983e+00,-2.166e+01,-2.129e+00
3.848e+02,-1.893e+01,-2.997e+00,-2.131e+01,-2.138e+00
3.861e+02,-1.904e+01,-3.011e+00,-2.098e+01,-2.148e+00
3.873e+02,-1.916e+01,-3.025e+00,-2.067e+01,-2.161e+00
3.886e+02,-1.927e+01,-3.038e+00,-2.038e+01,-2.174e+00
3.898e+02,-1.940e+01,-3.052e+00,-2.011e+01,-2.190e+00
3.911e+02,-1.952e+01,-3.065e+00,-1.985e+01,-2.206e+00
3.923e+02,-1.965e+01,-3.078e+00,-1.962e+01,-2.223e+00
3.936e+02,-1.979e+01,-3.091e+00,-1.939e+01,-2.241e+00
3.948e+02,-1.992e+01,-3.104e+00,-1.918e+01,-2.260e+00
3.961e+02,-2.007e+01,-3.116e+00,-1.899e+01,-2.280e+00
3.973e+02,-2.021e+01,-3.128e+00,-1.881e+01,-2.300e+00
3.986e+02,-2.037e+01,-3.140e+00,-1.864e+01,-2.321e+00
3.998e+02,-2.052e+01,-3.152e+00,-1.849e+01,-2.342e+00
4.011e+02,-2.068e+01,-3.163e+00,-1.834e+01,-2.364e+00
4.024e+02,-2.085e+01,-3.174e+00,-1.821e+01,-2.386e+00
4.036e+02,-2.101e+01,-3.184e+00,-1.809e+01,-2.409e+00
4.049e+02,-2.119e+01,-3.194e+00,-1.798e+01,-2.431e+00
4.061e+02,-2.137e+01,-3.204e+00,-1.788e+01,-2.454e+00
4.074e+02,-2.155e+01,-3.213e+00,-1.779e+01,-2.478e+00
4.086e+02,-2.174e+01,-3.222e+00,-1.771e+01,-2.502e+00
4.099e+02,-2.193e+01,-3.230e+00,-1.764e+01,-2.525e+00
4.111e+02,-2.212e+01,-3.238e+00,-1.757e+01,-2.549e+00
4.124e+02,-2.232e+01,-3.245e+00,-1.752e+01,-2.574e+00
4.136e+02,-2.253e+01,-3.252e+00,-1.747e+01,-2.598e+00
4.149e+02,-2.274e+01,-3.258e+00,-1.744e+01,-2.623e+00
4.161e+02,-2.295e+01,-3.263e+00,-1.741e+01,-2.647e+00
4.174e+02,-2.317e+01,-3.267e+00,-1.739e+01,-2.672e+00
4.186e+02,-2.339e+01,-3.271e+00,-1.738e+01,-2.697e+00
4.199e+02,-2.362e+01,-3.274e+00,-1.737e+01,-2.722e+00
4.211e+02,-2.385e+01,-3.276e+00,-1.738e+01,-2.747e+00
4.224e+02,-2.409e+01,-3.277e+00,-1.739e+01,-2.772e+00
4.236e+02,-2.433e+01,-3.276e+00,-1.741e+01,-2.797e+00
4.249e+02,-2.457e+01,-3.275e+00,-1.743e+01,-2.822e+00
4.261e+02,-2.481e+01,-3.273e+00,-1.747e+01,-2.848e+00
4.274e+02,-2.506e+01,-3.269e+00,-1.751e+01,-2.873e+00
4.286e+02,-2.531e+01,-3.264e+00,-1.756e+01,-2.898e+00
4.299e+02,-2.556e+01,-3.258e+00,-1.761e+01,-2.923e+00
4.311e+02,-2.581e+01,-3.250e+00,-1.768e+01,-2.949e+00
4.324e+02,-2.606e+01,-3.240e+00,-1.775e+01,-2.974e+00
4.336e+02,-2.631e+01,-3.229e+00,-1.783e+01,-2.999e+00
4.349e+02,-2.656e+01,-3.217e+00,-1.792e+01,-3.024e+00
4.361e+02,-2.680e+01,-3.202e+00,-1.801e+01,-3.049e+00
4.374e+02,-2.704e+01,-3.186e+00,-1.812e+01,-3.074e+00
4.386e+02,-2.727e+01,-3.168e+00,-1.823e+01,-3.099e+00
4.399e+02,-2.750e+01,-3.148e+00,-1.835e+01,-3.124e+00
4.411e+02,-2.771e+01,-3.127e+00,-1.847e+01,-3.148e+00
4.424e+02,-2.792e+01,-3.104e+00,-1.861e+01,-3.173e+00
4.436e+02,-2.811e+01,-3.079e+00,-1.875e+01,-3.197e+00
4.449e+02,-2.828e+01,-3.052e+00,-1.891e+01,-3.222e+00
4.461e+02,-2.844e+01,-3.025e+00,-1.907e+01,-3.246e+00
4.474e+02,-2.858e+01,-2.995e+00,-1.924e+01,-3.270e+00
4.486e+02,-2.870e+01,-2.965e+00,-1.942e+01,-3.293e+00
4.499e+02,-2.880e+01,-2.935e+00,-1.961e+01,-3.317e+00
4.511e+02,-2.888e+01,-2.903e+00,-1.981e+01,-3.340e+00
4.524e+02,-2.893e+01,-2.872e+00,-2.002e+01,-3.363e+00
4.536e+02,-2.896e+01,-2.840e+00,-2.024e+01,-3.385e+00
4.549e+02,-2.897e+01,-2.809e+00,-2.047e+01,-3.407e+00
4.561e+02,-2.896e+01,-2.779e+00,-2.071e+01,-3.429e+00
4.574e+02,-2.892e+01,-2.749e+00,-2.097e+01,-3.451e+00
4.586e+02,-2.887e+01,-2.720e+00,-2.123e+01,-3.471e+00
4.599e+02,-2.880e+01,-2.693e+00,-2.151e+01,-3.492e+00
4.611e+02,-2.872e+01,-2.668e+00,-2.181e+01,-3.511e+00
4.624e+02,-2.861e+01,-2.644e+00,-2.211e+01,-3.530e+00
4.636e+02,-2.850e+01,-2.621e+00,-2.244e+01,-3.549e+00
4.649e+02,-2.838e+01,-2.601e+00,-2.277e+01,-3.566e+00
4.661e+02,-2.825e+01,-2.582e+00,-2.313e+01,-3.582e+00
4.674e+02,-2.811e+01,-2.565e+00,-2.350e+01,-3.597e+00
4.686e+02,-2.796e+01,-2.549e+00,-2.389e+01,-3.611e+00
4.699e+02,-2.781e+01,-2.536e+00,-2.430e+01,-3.624e+00
4.711e+02,-2.766e+01,-2.524e+00,-2.473e+01,-3.635e+00
4.724e+02,-2.751e+01,-2.514e+00,-2.518e+01,-3.644e+00
4.736e+02,-2.736e+01,-2.505e+00,-2.566e+01,-3.650e+00
4.749e+02,-2.720e+01,-2.498e+00,-2.616e+01,-3.654e+00
4.761e+02,-2.705e+01,-2.492e+00,-2.668e+01,-3.655e+00
4.774e+02,-2.690e+01,-2.488e+00,-2.723e+01,-3.652e+00
4.786e+02,-2.675e+01,-2.485e+00,-2.782e+01,-3.645e+00
4.799e+02,-2.661e+01,-2.483e+00,-2.843e+01,-3.633e+00
4.811e+02,-2.646e+01,-2.482e+00,-2.906e+01,-3.615e+00
4.824e+02,-2.632e+01,-2.483e+00,-2.973e+01,-3.589e+00
4.836e+02,-2.619e+01,-2.484e+00,-3.041e+01,-3.554e+00
4.849e+02,-2.606e+01,-2.486e+00,-3.111e+01,-3.509e+00
4.861e+02,-2.593e+01,-2.489e+00,-3.180e+01,-3.451e+00
4.874e+02,-2.581e+01,-2.493e+00,-3.247e+01,-3.379e+00
4.886e+02,-2.569e+01,-2.498e+00,-3.308e+01,-3.293e+00
4.899e+02,-2.558e+01,-2.503e+00,-3.359e+01,-3.191e+00
4.911e+02,-2.547e+01,-2.510e+00,-3.396e+01,-3.076e+00
4.924e+02,-2.536e+01,-2.516e+00,-3.415e+01,-2.953e+00
4.936e+02,-2.527e+01,-2.524e+00,-3.414e+01,-2.828e+00
4.949e+02,-2.517e+01,-2.532e+00,-3.393e+01,-2.709e+00
4.961e+02,-2.508e+01,-2.540e+00,-3.357e+01,-2.601e+00
4.974e+02,-2.499e+01,-2.549e+00,-3.308e+01,-2.507e+00
4.986e+02,-2.491e+01,-2.558e+00,-3.252e+01,-2.429e+00
4.999e+02,-2.484e+01,-2.568e+00,-3.192e+01,-2.365e+00
5.011e+02,-2.477e+01,-2.578e+00,-3.131e+01,-2.315e+00
5.024e+02,-2.470e+01,-2.589e+00,-3.071e+01,-2.276e+00
5.036e+02,-2.464e+01,-2.600e+00,-3.013e+01,-2.246e+00
5.049e+02,-2.458e+01,-2.611e+00,-2.957e+01,-2.224e+00
5.061e+02,-2.453e+01,-2.622e+00,-2.903e+01,-2.210e+00
5.074e+02,-2.448e+01,-2.634e+00,-2.853e+01,-2.200e+00
5.086e+02,-2.443e+01,-2.646e+00,-2.805e+01,-2.196e+00
5.099e+02,-2.440e+01,-2.659e+00,-2.760e+01,-2.195e+00
5.111e+02,-2.436e+01,-2.671e+00,-2.718e+01,-2.198e+00
5.124e+02,-2.433e+01,-2.684e+00,-2.678e+01,-2.203e+00
5.136e+02,-2.430e+01,-2.697e+00,-2.641e+01,-2.211e+00
5.149e+02,-2.428e+01,-2.710e+00,-2.606e+01,-2.221e+00
5.161e+02,-2.426e+01,-2.723e+00,-2.573e+01,-2.233e+00
5.174e+02,-2.425e+01,-2.737e+00,-2.542e+01,-2.247e+00
5.186e+02,-2.424e+01,-2.750e+00,-2.513e+01,-2.261e+00
5.199e+02,-2.423e+01,-2.764e+00,-2.485e+01,-2.277e+00
5.211e+02,-2.423e+01,-2.778e+00,-2.460e+01,-2.294e+00
5.224e+02,-2.424e+01,-2.792e+00,-2.436e+01,-2.312e+00
5.236e+02,-2.424e+01,-2.805e+00,-2.413e+01,-2.330e+00
5.249e+02,-2.425e+01,-2.820e+00,-2.392e+01,-2.350e+00
5.261e+02,-2.427e+01,-2.834e+00,-2.373e+01,-2.370e+00
5.274e+02,-2.429e+01,-2.848e+00,-2.354e+01,-2.390e+00
5.286e+02,-2.431e+01,-2.862e+00,-2.337e+01,-2.412e+00
5.299e+02,-2.434e+01,-2.876e+00,-2.322e+01,-2.433e+00
5.311e+02,-2.437e+01,-2.891e+00,-2.307e+01,-2.455e+00
5.324e+02,-2.441e+01,-2.905e+00,-2.293e+01,-2.477e+00
5.336e+02,-2.445e+01,-2.919e+00,-2.281e+01,-2.500e+00
5.349e+02,-2.449e+01,-2.934e+00,-2.270e+01,-2.523e+00
5.361e+02,-2.454e+01,-2.948e+00,-2.259e+01,-2.546e+00
5.374e+02,-2.459e+01,-2.962e+00,-2.250e+01,-2.570e+00
5.386e+02,-2.465e+01,-2.976e+00,-2.241e+01,-2.594e+00
5.399e+02,-2.471e+01,-2.991e+00,-2.234e+01,-2.618e+00
5.411e+02,-2.477e+01,-3.005e+00,-2.227e+01,-2.642e+00
5.424e+02,-2.484e+01,-3.019e+00,-2.221e+01,-2.666e+00
5.436e+02,-2.491e+01,-3.033e+00,-2.217e+01,-2.691e+00
5.449e+02,-2.499e+01,-3.047e+00,-2.213e+01,-2.715e+00
5.461e+02,-2.507e+01,-3.060e+00,-2.209e+01,-2.740e+00
5.474e+02,-2.515e+01,-3.074e+00,-2.207e+01,-2.765e+00
5.486e+02,-2.524e+01,-3.088e+00,-2.206e+01,-2.790e+00
5.499e+02,-2.534e+01,-3.101e+00,-2.205e+01,-2.815e+00
5.511e+02,-2.543e+01,-3.114e+00,-2.205e+01,-2.840e+00
5.524e+02,-2.553e+01,-3.127e+00,-2.206e+01,-2.865e+00
5.536e+02,-2.564e+01,-3.140e+00,-2.208e+01,-2.890e+00
5.549e+02,-2.575e+01,-3.153e+00,-2.210e+01,-2.915e+00
5.561e+02,-2.587e+01,-3.166e+00,-2.213e+01,-2.940e+00
5.574e+02,-2.599e+01,-3.178e+00,-2.217e+01,-2.965e+00
5.586e+02,-2.611e+01,-3.190e+00,-2.222e+01,-2.990e+00
5.599e+02,-2.624e+01,-3.202e+00,-2.228e+01,-3.015e+00
5.611e+02,-2.637e+01,-3.213e+00,-2.234e+01,-3.040e+00
5.624e+02,-2.651e+01,-3.225e+00,-2.241e+01,-3.065e+00
5.636e+02,-2.665e+01,-3.236e+00,-2.249e+01,-3.090e+00
5.649e+02,-2.680e+01,-3.246e+00,-2.258e+01,-3.115e+00
5.661e+02,-2.695e+01,-3.256e+00,-2.267e+01,-3.140e+00
5.674e+02,-2.710e+01,-3.266e+00,-2.278e+01,-3.165e+00
5.686e+02,-2.726e+01,-3.276e+00,-2.289e+01,-3.190e+00
5.699e+02,-2.743e+01,-3.284e+00,-2.301e+01,-3.214e+00
5.711e+02,-2.760e+01,-3.293e+00,-2.314e+01,-3.239e+00
5.724e+02,-2.777e+01,-3.301e+00,-2.328e+01,-3.263e+00
5.736e+02,-2.795e+01,-3.308e+00,-2.343e+01,-3.287e+00
5.749e+02,-2.814e+01,-3.315e+00,-2.358e+01,-3.311e+00
5.761e+02,-2.833e+01,-3.321e+00,-2.375e+01,-3.334e+00
5.774e+02,-2.852e+01,-3.327e+00,-2.392e+01,-3.358e+00
5.786e+02,-2.872e+01,-3.332e+00,-2.411e+01,-3.381e+00
5.799e+02,-2.892e+01,-3.336e+00,-2.430e+01,-3.404e+00
5.811e+02,-2.913e+01,-3.339e+00,-2.451e+01,-3.427e+00
5.824e+02,-2.934e+01,-3.341e+00,-2.473e+01,-3.449e+00
5.836e+02,-2.955e+01,-3.343e+00,-2.496e+01,-3.471e+00
5.849e+02,-2.977e+01,-3.343e+00,-2.520e+01,-3.492e+00
5.861e+02,-2.999e+01,-3.342e+00,-2.545e+01,-3.513e+00
5.874e+02,-3.022e+01,-3.341e+00,-2.572e+01,-3.533e+00
5.886e+02,-3.045e+01,-3.338e+00,-2.600e+01,-3.553e+00
5.899e+02,-3.068e+01,-3.333e+00,-2.629e+01,-3.572e+00
5.911e+02,-3.091e+01,-3.328e+00,-2.660e+01,-3.590e+00
5.924e+02,-3.115e+01,-3.321e+00,-2.692e+01,-3.608e+00
5.936e+02,-3.138e+01,-3.313e+00,-2.726e+01,-3.624e+00
5.949e+02,-3.161e+01,-3.303e+00,-2.762e+01,-3.640e+00
5.961e+02,-3.185e+01,-3.291e+00,-2.799e+01,-3.654e+00
5.974e+02,-3.208e+01,-3.278e+00,-2.839e+01,-3.667e+00
5.986e+02,-3.230e+01,-3.263e+00,-2.881e+01,-3.678e+00
5.999e+02,-3.252e+01,-3.246e+00,-2.924e+01,-3.687e+00
6.012e+02,-3.274e+01,-3.228e+00,-2.971e+01,-3.694e+00
6.024e+02,-3.294e+01,-3.207e+00,-3.019e+01,-3.698e+00
6.037e+02,-3.314e+01,-3.185e+00,-3.070e+01,-3.700e+00
6.049e+02,-3.332e+01,-3.162e+00,-3.124e+01,-3.698e+00
6.062e+02,-3.349e+01,-3.136e+00,-3.181e+01,-3.691e+00
6.074e+02,-3.364e+01,-3.110e+00,-3.240e+01,-3.680e+00
6.087e+02,-3.378e+01,-3.082e+00,-3.303e+01,-3.662e+00
6.099e+02,-3.390e+01,-3.052e+00,-3.368e+01,-3.638e+00
6.112e+02,-3.400e+01,-3.022e+00,-3.435e+01,-3.604e+00
6.124e+02,-3.407e+01,-2.991e+00,-3.503e+01,-3.561e+00
6.137e+02,-3.413e+01,-2.960e+00,-3.572e+01,-3.505e+00
6.149e+02,-3.416e+01,-2.929e+00,-3.638e+01,-3.436e+00
6.162e+02,-3.417e+01,-2.898e+00,-3.700e+01,-3.351e+00
6.174e+02,-3.416e+01,-2.867e+00,-3.752e+01,-3.251e+00
6.187e+02,-3.413e+01,-2.837e+00,-3.790e+01,-3.138e+00
6.199e+02,-3.408e+01,-2.808e+00,-3.811e+01,-3.016e+00
6.212e+02,-3.401e+01,-2.781e+00,-3.812e+01,-2.891e+00
6.224e+02,-3.392e+01,-2.754e+00,-3.793e+01,-2.771e+00
6.237e+02,-3.382e+01,-2.729e+00,-3.758e+01,-2.661e+00
6.249e+02,-3.370e+01,-2.706e+00,-3.710e+01,-2.565e+00
6.262e+02,-3.358e+01,-2.684e+00,-3.654e+01,-2.484e+00
6.274e+02,-3.344e+01,-2.665e+00,-3.594e+01,-2.419e+00
6.287e+02,-3.330e+01,-2.647e+00,-3.532e+01,-2.366e+00
6.299e+02,-3.315e+01,-2.630e+00,-3.471e+01,-2.326e+00
6.312e+02,-3.299e+01,-2.616e+00,-3.411e+01,-2.295e+00
6.324e+02,-3.283e+01,-2.603e+00,-3.354e+01,-2.272e+00
6.337e+02,-3.267e+01,-2.592e+00,-3.299e+01,-2.256e+00
6.349e+02,-3.251e+01,-2.582e+00,-3.247e+01,-2.246e+00
6.362e+02,-3.234e+01,-2.574e+00,-3.199e+01,-2.241e+00
6.374e+02,-3.218e+01,-2.567e+00,-3.152e+01,-2.240e+00
6.387e+02,-3.202e+01,-2.562e+00,-3.109e+01,-2.242e+00
6.399e+02,-3.186e+01,-2.558e+00,-3.068e+01,-2.247e+00
6.412e+02,-3.171e+01,-2.555e+00,-3.030e+01,-2.255e+00
6.424e+02,-3.155e+01,-2.554e+00,-2.993e+01,-2.264e+00
6.437e+02,-3.140e+01,-2.553e+00,-2.959e+01,-2.276e+00
6.449e+02,-3.125e+01,-2.554e+00,-2.927e+01,-2.289e+00
6.462e+02,-3.111e+01,-2.556e+00,-2.897e+01,-2.304e+00
6.474e+02,-3.097e+01,-2.558e+00,-2.869e+01,-2.319e+00
6.487e+02,-3.084e+01,-2.561e+00,-2.842e+01,-2.336e+00
6.499e+02,-3.071e+01,-2.566e+00,-2.817e+01,-2.354e+00
6.512e+02,-3.058e+01,-2.571e+00,-2.794e+01,-2.372e+00
6.524e+02,-3.046e+01,-2.576e+00,-2.772e+01,-2.391e+00
6.537e+02,-3.035e+01,-2.582e+00,-2.752e+01,-2.411e+00
6.549e+02,-3.024e+01,-2.589e+00,-2.732e+01,-2.432e+00
6.562e+02,-3.013e+01,-2.597e+00,-2.715e+01,-2.453e+00
6.574e+02,-3.003e+01,-2.605e+00,-2.698e+01,-2.474e+00
6.587e+02,-2.993e+01,-2.613e+00,-2.682e+01,-2.496e+00
6.599e+02,-2.984e+01,-2.622e+00,-2.668e+01,-2.519e+00
6.612e+02,-2.975e+01,-2.632e+00,-2.655e+01,-2.541e+00
6.624e+02,-2.967e+01,-2.642e+00,-2.643e+01,-2.564e+00
6.637e+02,-2.959e+01,-2.652e+00,-2.631e+01,-2.587e+00
6.649e+02,-2.952e+01,-2.662e+00,-2.621e+01,-2.611e+00
6.662e+02,-2.945e+01,-2.673e+00,-2.612e+01,-2.635e+00
6.674e+02,-2.939e+01,-2.685e+00,-2.604e+01,-2.658e+00
6.687e+02,-2.933e+01,-2.696e+00,-2.596e+01,-2.683e+00
6.699e+02,-2.927e+01,-2.708e+00,-2.590e+01,-2.707e+00
6.712e+02,-2.922e+01,-2.720e+00,-2.584e+01,-2.731e+00
6.724e+02,-2.918e+01,-2.732e+00,-2.580e+01,-2.756e+00
6.737e+02,-2.914e+01,-2.745e+00,-2.576e+01,-2.780e+00
6.749e+02,-2.910e+01,-2.757e+00,-2.573e+01,-2.805e+00
6.762e+02,-2.907e+01,-2.770e+00,-2.570e+01,-2.830e+00
6.774e+02,-2.904e+01,-2.783e+00,-2.569e+01,-2.855e+00
6.787e+02,-2.902e+01,-2.797e+00,-2.569e+01,-2.880e+00
6.799e+02,-2.900e+01,-2.810e+00,-2.569e+01,-2.905e+00
6.812e+02,-2.898e+01,-2.823e+00,-2.570e+01,-2.930e+00
6.824e+02,-2.897e+01,-2.837e+00,-2.572e+01,-2.955e+00
6.837e+02,-2.896e+01,-2.851e+00,-2.574e+01,-2.980e+00
6.849e+02,-2.896e+01,-2.864e+00,-2.578e+01,-3.005e+00
6.862e+02,-2.896e+01,-2.878e+00,-2.582e+01,-3.030e+00
6.874e+02,-2.897e+01,-2.892e+00,-2.587e+01,-3.055e+00
6.887e+02,-2.898e+01,-2.906e+00,-2.593e+01,-3.080e+00
6.899e+02,-2.900e+01,-2.920e+00,-2.599e+01,-3.105e+00
6.912e+02,-2.902e+01,-2.934e+00,-2.607e+01,-3.130e+00
6.924e+02,-2.904e+01,-2.948e+00,-2.615e+01,-3.155e+00
6.937e+02,-2.907e+01,-2.963e+00,-2.624e+01,-3.180e+00
6.949e+02,-2.910e+01,-2.977e+00,-2.634e+01,-3.205e+00
6.962e+02,-2.913e+01,-2.991e+00,-2.645e+01,-3.229e+00
6.974e+02,-2.917e+01,-3.005e+00,-2.656e+01,-3.254e+00
6.987e+02,-2.922e+01,-3.019e+00,-2.669e+01,-3.278e+00
6.999e+02,-2.927e+01,-3.033e+00,-2.682e+01,-3.302e+00
7.012e+02,-2.932e+01,-3.047e+00,-2.696e+01,-3.326e+00
7.024e+02,-2.937e+01,-3.061e+00,-2.712e+01,-3.350e+00
7.037e+02,-2.944e+01,-3.075e+00,-2.728e+01,-3.373e+00
7.049e+02,-2.950e+01,-3.088e+00,-2.745e+01,-3.397e+00
7.062e+02,-2.957e+01,-3.102e+00,-2.763e+01,-3.420e+00
7.074e+02,-2.964e+01,-3.116e+00,-2.782e+01,-3.443e+00
7.087e+02,-2.972e+01,-3.129e+00,-2.803e+01,-3.465e+00
7.099e+02,-2.980e+01,-3.142e+00,-2.824e+01,-3.487e+00
7.112e+02,-2.989e+01,-3.156e+00,-2.847e+01,-3.509e+00
7.124e+02,-2.998e+01,-3.169e+00,-2.871e+01,-3.530e+00
7.137e+02,-3.008e+01,-3.181e+00,-2.896e+01,-3.551e+00
7.149e+02,-3.018e+01,-3.194e+00,-2.922e+01,-3.571e+00
7.162e+02,-3.028e+01,-3.206e+00,-2.950e+01,-3.590e+00
7.174e+02,-3.039e+01,-3.219e+00,-2.979e+01,-3.609e+00
7.187e+02,-3.050e+01,-3.231e+00,-3.010e+01,-3.627e+00
7.199e+02,-3.062e+01,-3.242e+00,-3.042e+01,-3.644e+00
7.212e+02,-3.074e+01,-3.254e+00,-3.076e+01,-3.660e+00
7.224e+02,-3.087e+01,-3.265e+00,-3.112e+01,-3.675e+00
7.237e+02,-3.100e+01,-3.276e+00,-3.150e+01,-3.688e+00
7.249e+02,-3.114e+01,-3.286e+00,-3.189e+01,-3.701e+00
7.262e+02,-3.128e+01,-3.296e+00,-3.231e+01,-3.711e+00
7.274e+02,-3.143e+01,-3.306e+00,-3.275e+01,-3.719e+00
7.287e+02,-3.158e+01,-3.315e+00,-3.322e+01,-3.725e+00
7.299e+02,-3.173e+01,-3.324e+00,-3.371e+01,-3.728e+00
7.312e+02,-3.189e+01,-3.333e+00,-3.422e+01,-3.728e+00
7.324e+02,-3.206e+01,-3.340e+00,-3.477e+01,-3.725e+00
7.337e+02,-3.223e+01,-3.348e+00,-3.534e+01,-3.716e+00
7.349e+02,-3.240e+01,-3.354e+00,-3.594e+01,-3.702e+00
7.362e+02,-3.258e+01,-3.361e+00,-3.657e+01,-3.682e+00
7.374e+02,-3.276e+01,-3.366e+00,-3.722e+01,-3.654e+00
7.387e+02,-3.295e+01,-3.371e+00,-3.789e+01,-3.617e+00
7.399e+02,-3.315e+01,-3.375e+00,-3.857e+01,-3.568e+00
7.412e+02,-3.334e+01,-3.378e+00,-3.925e+01,-3.507e+00
7.424e+02,-3.355e+01,-3.380e+00,-3.989e+01,-3.432e+00
7.437e+02,-3.375e+01,-3.381e+00,-4.046e+01,-3.341e+00
7.449e+02,-3.396e+01,-3.382e+00,-4.093e+01,-3.235e+00
7.462e+02,-3.417e+01,-3.381e+00,-4.124e+01,-3.118e+00
7.474e+02,-3.439e+01,-3.379e+00,-4.136e+01,-2.994e+00
7.487e+02,-3.461e+01,-3.376e+00,-4.128e+01,-2.870e+00
7.499e+02,-3.483e+01,-3.372e+00,-4.101e+01,-2.753e+00
7.512e+02,-3.506e+01,-3.366e+00,-4.059e+01,-2.649e+00
7.524e+02,-3.528e+01,-3.359e+00,-4.007e+01,-2.559e+00
7.537e+02,-3.551e+01,-3.351e+00,-3.948e+01,-2.485e+00
7.549e+02,-3.573e+01,-3.341e+00,-3.887e+01,-2.425e+00
7.562e+02,-3.595e+01,-3.329e+00,-3.824e+01,-2.377e+00
7.574e+02,-3.618e+01,-3.316e+00,-3.763e+01,-2.341e+00
7.587e+02,-3.639e+01,-3.301e+00,-3.704e+01,-2.314e+00
7.599e+02,-3.660e+01,-3.284e+00,-3.647e+01,-2.294e+00
7.612e+02,-3.681e+01,-3.266e+00,-3.593e+01,-2.281e+00
7.624e+02,-3.700e+01,-3.245e+00,-3.542e+01,-2.273e+00
7.637e+02,-3.719e+01,-3.223e+00,-3.494e+01,-2.269e+00
7.649e+02,-3.737e+01,-3.200e+00,-3.448e+01,-2.270e+00
7.662e+02,-3.753e+01,-3.174e+00,-3.405e+01,-2.273e+00
7.674e+02,-3.767e+01,-3.148e+00,-3.365e+01,-2.279e+00
7.687e+02,-3.780e+01,-3.120e+00,-3.327e+01,-2.288e+00
7.699e+02,-3.791e+01,-3.091e+00,-3.291e+01,-2.298e+00
7.712e+02,-3.800e+01,-3.061e+00,-3.257e+01,-2.310e+00
7.724e+02,-3.807e+01,-3.030e+00,-3.225e+01,-2.324e+00
7.737e+02,-3.811e+01,-2.999e+00,-3.196e+01,-2.339e+00
7.749e+02,-3.814e+01,-2.968e+00,-3.168e+01,-2.355e+00
7.762e+02,-3.814e+01,-2.937e+00,-3.141e+01,-2.372e+00
7.774e+02,-3.812e+01,-2.906e+00,-3.116e+01,-2.390e+00
7.787e+02,-3.808e+01,-2.877e+00,-3.093e+01,-2.409e+00
7.799e+02,-3.802e+01,-2.848e+00,-3.071e+01,-2.429e+00
7.812e+02,-3.795e+01,-2.820e+00,-3.051e+01,-2.449e+00
7.824e+02,-3.785e+01,-2.794e+00,-3.032e+01,-2.470e+00
7.837e+02,-3.774e+01,-2.769e+00,-3.014e+01,-2.491e+00
7.849e+02,-3.762e+01,-2.746e+00,-2.997e+01,-2.513e+00
7.862e+02,-3.749e+01,-2.724e+00,-2.982e+01,-2.535e+00
7.874e+02,-3.735e+01,-2.705e+00,-2.967e+01,-2.557e+00
7.887e+02,-3.720e+01,-2.687e+00,-2.954e+01,-2.580e+00
7.899e+02,-3.704e+01,-2.671e+00,-2.942e+01,-2.603e+00
7.912e+02,-3.688e+01,-2.656e+00,-2.931e+01,-2.626e+00
7.924e+02,-3.671e+01,-2.643e+00,-2.920e+01,-2.650e+00
7.937e+02,-3.654e+01,-2.632e+00,-2.911e+01,-2.674e+00
7.949e+02,-3.638e+01,-2.623e+00,-2.903e+01,-2.698e+00
7.962e+02,-3.621e+01,-2.615e+00,-2.895e+01,-2.722e+00
7.974e+02,-3.604e+01,-2.608e+00,-2.889e+01,-2.746e+00
7.987e+02,-3.587e+01,-2.603e+00,-2.883e+01,-2.770e+00
7.999e+02,-3.571e+01,-2.599e+00,-2.879e+01,-2.795e+00
8.012e+02,-3.554e+01,-2.596e+00,-2.875e+01,-2.820e+00
8.025e+02,-3.539e+01,-2.595e+00,-2.872e+01,-2.845e+00
8.037e+02,-3.523e+01,-2.594e+00,-2.869e+01,-2.869e+00
8.050e+02,-3.508e+01,-2.595e+00,-2.868e+01,-2.894e+00
8.062e+02,-3.493e+01,-2.596e+00,-2.867e+01,-2.919e+00
8.075e+02,-3.478e+01,-2.599e+00,-2.867e+01,-2.944e+00
8.087e+02,-3.465e+01,-2.602e+00,-2.868e+01,-2.969e+00
8.100e+02,-3.451e+01,-2.607e+00,-2.870e+01,-2.994e+00
8.112e+02,-3.438e+01,-2.611e+00,-2.873e+01,-3.019e+00
8.125e+02,-3.425e+01,-2.617e+00,-2.876e+01,-3.045e+00
8.137e+02,-3.413e+01,-2.623e+00,-2.880e+01,-3.070e+00
8.150e+02,-3.402e+01,-2.630e+00,-2.885e+01,-3.095e+00
8.162e+02,-3.390e+01,-2.638e+00,-2.891e+01,-3.120e+00
8.175e+02,-3.380e+01,-2.646e+00,-2.898e+01,-3.144e+00
8.187e+02,-3.370e+01,-2.654e+00,-2.905e+01,-3.169e+00
8.200e+02,-3.360e+01,-2.663e+00,-2.913e+01,-3.194e+00
8.212e+02,-3.351e+01,-2.673e+00,-2.923e+01,-3.219e+00
8.225e+02,-3.342e+01,-2.682e+00,-2.933e+01,-3.243e+00
8.237e+02,-3.334e+01,-2.693e+00,-2.943e+01,-3.268e+00
8.250e+02,-3.326e+01,-2.703e+00,-2.955e+01,-3.292e+00
8.262e+02,-3.318e+01,-2.714e+00,-2.968e+01,-3.316e+00
8.275e+02,-3.311e+01,-2.725e+00,-2.981e+01,-3.340e+00
8.287e+02,-3.305e+01,-2.737e+00,-2.996e+01,-3.364e+00
8.300e+02,-3.299e+01,-2.748e+00,-3.011e+01,-3.388e+00
8.312e+02,-3.294e+01,-2.760e+00,-3.027e+01,-3.411e+00
8.325e+02,-3.289e+01,-2.773e+00,-3.045e+01,-3.434e+00
8.337e+02,-3.284e+01,-2.785e+00,-3.063e+01,-3.457e+00
8.350e+02,-3.280e+01,-2.798e+00,-3.083e+01,-3.480e+00
8.362e+02,-3.276e+01,-2.811e+00,-3.103e+01,-3.502e+00
8.375e+02,-3.273e+01,-2.824e+00,-3.125e+01,-3.524e+00
8.387e+02,-3.270e+01,-2.837e+00,-3.148e+01,-3.545e+00
8.400e+02,-3.268e+01,-2.850e+00,-3.172e+01,-3.566e+00
8.412e+02,-3.266e+01,-2.863e+00,-3.198e+01,-3.586e+00
8.425e+02,-3.264e+01,-2.877e+00,-3.225e+01,-3.606e+00
8.437e+02,-3.263e+01,-2.891e+00,-3.253e+01,-3.625e+00
8.450e+02,-3.263e+01,-2.904e+00,-3.283e+01,-3.643e+00
8.462e+02,-3.262e+01,-2.918e+00,-3.314e+01,-3.660e+00
8.475e+02,-3.263e+01,-2.932e+00,-3.347e+01,-3.676e+00
8.487e+02,-3.263e+01,-2.946e+00,-3.382e+01,-3.692e+00
8.500e+02,-3.264e+01,-2.960e+00,-3.419e+01,-3.706e+00
8.512e+02,-3.266e+01,-2.974e+00,-3.457e+01,-3.718e+00
8.525e+02,-3.268e+01,-2.988e+00,-3.498e+01,-3.729e+00
8.537e+02,-3.270e+01,-3.002e+00,-3.541e+01,-3.738e+00
8.550e+02,-3.273e+01,-3.016e+00,-3.587e+01,-3.744e+00
8.562e+02,-3.276e+01,-3.030e+00,-3.634e+01,-3.748e+00
8.575e+02,-3.280e+01,-3.044e+00,-3.685e+01,-3.749e+00
8.587e+02,-3.284e+01,-3.058e+00,-3.738e+01,-3.747e+00
8.600e+02,-3.288e+01,-3.072e+00,-3.794e+01,-3.740e+00
8.612e+02,-3.293e+01,-3.086e+00,-3.853e+01,-3.727e+00
8.625e+02,-3.298e+01,-3.099e+00,-3.914e+01,-3.709e+00
8.637e+02,-3.304e+01,-3.113e+00,-3.979e+01,-3.683e+00
8.650e+02,-3.310e+01,-3.127e+00,-4.045e+01,-3.649e+00
8.662e+02,-3.317e+01,-3.140e+00,-4.112e+01,-3.603e+00
8.675e+02,-3.324e+01,-3.154e+00,-4.180e+01,-3.546e+00
8.687e+02,-3.332e+01,-3.167e+00,-4.245e+01,-3.474e+00
8.700e+02,-3.339e+01,-3.180e+00,-4.304e+01,-3.387e+00
8.712e+02,-3.348e+01,-3.193e+00,-4.353e+01,-3.286e+00
8.725e+02,-3.357e+01,-3.206e+00,-4.388e+01,-3.171e+00
8.737e+02,-3.366e+01,-3.218e+00,-4.405e+01,-3.048e+00
8.750e+02,-3.376e+01,-3.231e+00,-4.402e+01,-2.923e+00
8.762e+02,-3.386e+01,-3.243e+00,-4.380e+01,-2.804e+00
8.775e+02,-3.396e+01,-3.255e+00,-4.341e+01,-2.696e+00
8.787e+02,-3.407e+01,-3.267e+00,-4.291e+01,-2.603e+00
8.800e+02,-3.419e+01,-3.278e+00,-4.233e+01,-2.524e+00
8.812e+02,-3.431e+01,-3.289e+00,-4.172e+01,-2.460e+00
8.825e+02,-3.443e+01,-3.300e+00,-4.109e+01,-2.410e+00
8.837e+02,-3.456e+01,-3.311e+00,-4.047e+01,-2.371e+00
8.850e+02,-3.470e+01,-3.321e+00,-3.987e+01,-2.341e+00
8.862e+02,-3.484e+01,-3.330e+00,-3.929e+01,-2.319e+00
8.875e+02,-3.498e+01,-3.340e+00,-3.874e+01,-2.304e+00
8.887e+02,-3.513e+01,-3.349e+00,-3.822e+01,-2.295e+00
8.900e+02,-3.528e+01,-3.357e+00,-3.772e+01,-2.291e+00
8.912e+02,-3.544e+01,-3.365e+00,-3.725e+01,-2.290e+00
8.925e+02,-3.560e+01,-3.372e+00,-3.681e+01,-2.293e+00
8.937e+02,-3.577e+01,-3.379e+00,-3.640e+01,-2.298e+00
8.950e+02,-3.594e+01,-3.385e+00,-3.601e+01,-2.306e+00
8.962e+02,-3.612e+01,-3.391e+00,-3.564e+01,-2.316e+00
8.975e+02,-3.630e+01,-3.396e+00,-3.529e+01,-2.328e+00
8.987e+02,-3.649e+01,-3.400e+00,-3.497e+01,-2.341e+00
9.000e+02,-3.668e+01,-3.403e+00,-3.466e+01,-2.356e+00
9.012e+02,-3.688e+01,-3.405e+00,-3.437e+01,-2.371e+00
9.025e+02,-3.708e+01,-3.407e+00,-3.410e+01,-2.388e+00
9.037e+02,-3.728e+01,-3.407e+00,-3.385e+01,-2.406e+00
9.050e+02,-3.749e+01,-3.407e+00,-3.361e+01,-2.425e+00
9.062e+02,-3.770e+01,-3.405e+00,-3.338e+01,-2.444e+00
9.075e+02,-3.791e+01,-3.402e+00,-3.317e+01,-2.464e+00
9.087e+02,-3.813e+01,-3.398e+00,-3.297e+01,-2.485e+00
9.100e+02,-3.834e+01,-3.393e+00,-3.279e+01,-2.506e+00
9.112e+02,-3.856e+01,-3.386e+00,-3.261e+01,-2.527e+00
9.125e+02,-3.878e+01,-3.378e+00,-3.245e+01,-2.549e+00
9.137e+02,-3.900e+01,-3.368e+00,-3.230e+01,-2.572e+00
9.150e+02,-3.922e+01,-3.357e+00,-3.216e+01,-2.594e+00
9.162e+02,-3.943e+01,-3.344e+00,-3.203e+01,-2.617e+00
9.175e+02,-3.965e+01,-3.329e+00,-3.191e+01,-2.641e+00
9.187e+02,-3.985e+01,-3.312e+00,-3.181e+01,-2.664e+00
9.200e+02,-4.005e+01,-3.294e+00,-3.171e+01,-2.688e+00
9.212e+02,-4.025e+01,-3.274e+00,-3.162e+01,-2.712e+00
9.225e+02,-4.043e+01,-3.253e+00,-3.154e+01,-2.736e+00
9.237e+02,-4.060e+01,-3.229e+00,-3.147e+01,-2.760e+00
9.250e+02,-4.076e+01,-3.204e+00,-3.141e+01,-2.784e+00
9.262e+02,-4.090e+01,-3.178e+00,-3.135e+01,-2.809e+00
9.275e+02,-4.102e+01,-3.150e+00,-3.131e+01,-2.834e+00
9.287e+02,-4.113e+01,-3.121e+00,-3.127e+01,-2.858e+00
9.300e+02,-4.122e+01,-3.091e+00,-3.124e+01,-2.883e+00
9.312e+02,-4.129e+01,-3.061e+00,-3.123e+01,-2.908e+00
9.325e+02,-4.133e+01,-3.030e+00,-3.121e+01,-2.933e+00
9.337e+02,-4.135e+01,-2.999e+00,-3.121e+01,-2.958e+00
9.350e+02,-4.136e+01,-2.968e+00,-3.122e+01,-2.983e+00
9.362e+02,-4.134e+01,-2.937e+00,-3.123e+01,-3.008e+00
9.375e+02,-4.130e+01,-2.908e+00,-3.125e+01,-3.033e+00
9.387e+02,-4.124e+01,-2.879e+00,-3.128e+01,-3.058e+00
9.400e+02,-4.116e+01,-2.851e+00,-3.132e+01,-3.083e+00
9.412e+02,-4.106e+01,-2.825e+00,-3.136e+01,-3.108e+00
9.425e+02,-4.095e+01,-2.800e+00,-3.141e+01,-3.133e+00
9.437e+02,-4.083e+01,-2.776e+00,-3.148e+01,-3.158e+00
9.450e+02,-4.069e+01,-2.754e+00,-3.154e+01,-3.183e+00
9.462e+02,-4.055e+01,-2.734e+00,-3.162e+01,-3.208e+00
9.475e+02,-4.039e+01,-2.716e+00,-3.171e+01,-3.232e+00
9.487e+02,-4.023e+01,-2.700e+00,-3.180e+01,-3.257e+00
9.500e+02,-4.007e+01,-2.685e+00,-3.191e+01,-3.282e+00
9.512e+02,-3.990e+01,-2.672e+00,-3.202e+01,-3.306e+00
9.525e+02,-3.973e+01,-2.661e+00,-3.214e+01,-3.330e+00
9.537e+02,-3.955e+01,-2.651e+00,-3.227e+01,-3.354e+00
9.550e+02,-3.938e+01,-2.642e+00,-3.241e+01,-3.378e+00
9.562e+02,-3.921e+01,-2.636e+00,-3.256e+01,-3.402e+00
9.575e+02,-3.904e+01,-2.630e+00,-3.272e+01,-3.425e+00
9.587e+02,-3.887e+01,-2.626e+00,-3.289e+01,-3.448e+00
9.600e+02,-3.870e+01,-2.623e+00,-3.307e+01,-3.471e+00
9.612e+02,-3.854e+01,-2.621e+00,-3.326e+01,-3.493e+00
9.625e+02,-3.838e+01,-2.621e+00,-3.346e+01,-3.516e+00
9.637e+02,-3.822e+01,-2.621e+00,-3.367e+01,-3.537e+00
9.650e+02,-3.807e+01,-2.623e+00,-3.390e+01,-3.559e+00
9.662e+02,-3.792e+01,-2.625e+00,-3.414e+01,-3.580e+00
9.675e+02,-3.778e+01,-2.628e+00,-3.439e+01,-3.600e+00
9.687e+02,-3.764e+01,-2.632e+00,-3.465e+01,-3.620e+00
9.700e+02,-3.750e+01,-2.637e+00,-3.493e+01,-3.639e+00
9.712e+02,-3.737e+01,-2.643e+00,-3.522e+01,-3.657e+00
9.725e+02,-3.725e+01,-2.649e+00,-3.553e+01,-3.674e+00
9.737e+02,-3.712e+01,-2.656e+00,-3.586e+01,-3.691e+00
9.750e+02,-3.701e+01,-2.663e+00,-3.620e+01,-3.706e+00
9.762e+02,-3.690e+01,-2.671e+00,-3.656e+01,-3.720e+00
9.775e+02,-3.679e+01,-2.679e+00,-3.694e+01,-3.733e+00
9.787e+02,-3.669e+01,-2.688e+00,-3.735e+01,-3.744e+00
9.800e+02,-3.659e+01,-2.697e+00,-3.777e+01,-3.753e+00
9.812e+02,-3.650e+01,-2.707e+00,-3.822e+01,-3.759e+00
9.825e+02,-3.641e+01,-2.717e+00,-3.869e+01,-3.764e+00
9.837e+02,-3.633e+01,-2.728e+00,-3.919e+01,-3.765e+00
9.850e+02,-3.625e+01,-2.739e+00,-3.972e+01,-3.762e+00
9.862e+02,-3.618e+01,-2.750e+00,-4.027e+01,-3.756e+00
9.875e+02,-3.611e+01,-2.761e+00,-4.086e+01,-3.744e+00
9.887e+02,-3.605e+01,-2.773e+00,-4.147e+01,-3.726e+00
9.900e+02,-3.599e+01,-2.785e+00,-4.210e+01,-3.701e+00
9.912e+02,-3.593e+01,-2.797e+00,-4.276e+01,-3.667e+00
9.925e+02,-3.588e+01,-2.809e+00,-4.343e+01,-3.623e+00
9.937e+02,-3.584e+01,-2.822e+00,-4.410e+01,-3.566e+00
9.950e+02,-3.580e+01,-2.835e+00,-4.475e+01,-3.495e+00
9.962e+02,-3.576e+01,-2.848e+00,-4.535e+01,-3.410e+00
9.975e+02,-3.573e+01,-2.861e+00,-4.585e+01,-3.309e+00
9.987e+02,-3.570e+01,-2.874e+00,-4.621e+01,-3.195e+00
1.000e+03,-3.568e+01,-2.887e+00,-4.639e+01,-3.073e+00
