w,A,p
0.000e+00,1.000e+00,0.000e+00
2.002e-01,1.000e+00,-1.821e-02
4.004e-01,9.999e-01,-3.642e-02
6.006e-01,9.998e-01,-5.462e-02
8.008e-01,9.996e-01,-7.283e-02
1.001e+00,9.994e-01,-9.104e-02
1.201e+00,9.991e-01,-1.092e-01
1.401e+00,9.988e-01,-1.275e-01
1.602e+00,9.985e-01,-1.457e-01
1.802e+00,9.981e-01,-1.639e-01
2.002e+00,9.976e-01,-1.821e-01
2.202e+00,9.971e-01,-2.003e-01
2.402e+00,9.966e-01,-2.185e-01
2.603e+00,9.960e-01,-2.367e-01
2.803e+00,9.954e-01,-2.549e-01
3.003e+00,9.947e-01,-2.731e-01
3.203e+00,9.940e-01,-2.913e-01
3.403e+00,9.932e-01,-3.095e-01
3.604e+00,9.924e-01,-3.277e-01
3.804e+00,9.915e-01,-3.460e-01
4.004e+00,9.906e-01,-3.642e-01
4.204e+00,9.896e-01,-3.824e-01
4.404e+00,9.886e-01,-4.006e-01
4.605e+00,9.875e-01,-4.188e-01
4.805e+00,9.864e-01,-4.370e-01
5.005e+00,9.853e-01,-4.552e-01
5.205e+00,9.841e-01,-4.734e-01
5.405e+00,9.829e-01,-4.916e-01
5.606e+00,9.816e-01,-5.098e-01
5.806e+00,9.802e-01,-5.280e-01
6.006e+00,9.789e-01,-5.462e-01
6.206e+00,9.774e-01,-5.645e-01
6.406e+00,9.760e-01,-5.827e-01
6.607e+00,9.745e-01,-6.009e-01
6.807e+00,9.729e-01,-6.191e-01
7.007e+00,9.713e-01,-6.373e-01
7.207e+00,9.697e-01,-6.555e-01
7.407e+00,9.680e-01,-6.737e-01
7.608e+00,9.663e-01,-6.919e-01
7.808e+00,9.645e-01,-7.101e-01
8.008e+00,9.627e-01,-7.283e-01
8.208e+00,9.608e-01,-7.465e-01
8.408e+00,9.589e-01,-7.647e-01
8.609e+00,9.570e-01,-7.830e-01
8.809e+00,9.550e-01,-8.012e-01
9.009e+00,9.529e-01,-8.194e-01
9.209e+00,9.509e-01,-8.376e-01
9.409e+00,9.487e-01,-8.558e-01
9.610e+00,9.466e-01,-8.740e-01
9.810e+00,9.444e-01,-8.922e-01
1.001e+01,9.421e-01,-9.104e-01
1.021e+01,9.399e-01,-9.286e-01
1.041e+01,9.375e-01,-9.468e-01
1.061e+01,9.352e-01,-9.650e-01
1.081e+01,9.328e-01,-9.832e-01
1.101e+01,9.303e-01,-1.001e+00
1.121e+01,9.278e-01,-1.020e+00
1.141e+01,9.253e-01,-1.038e+00
1.161e+01,9.228e-01,-1.056e+00
1.181e+01,9.202e-01,-1.074e+00
1.201e+01,9.175e-01,-1.092e+00
1.221e+01,9.148e-01,-1.111e+00
1.241e+01,9.121e-01,-1.129e+00
1.261e+01,9.094e-01,-1.147e+00
1.281e+01,9.066e-01,-1.165e+00
1.301e+01,9.038e-01,-1.184e+00
1.321e+01,9.009e-01,-1.202e+00
1.341e+01,8.980e-01,-1.220e+00
1.361e+01,8.951e-01,-1.238e+00
1.381e+01,8.921e-01,-1.256e+00
1.401e+01,8.891e-01,-1.275e+00
1.421e+01,8.860e-01,-1.293e+00
1.441e+01,8.829e-01,-1.311e+00
1.461e+01,8.798e-01,-1.329e+00
1.481e+01,8.767e-01,-1.347e+00
1.502e+01,8.735e-01,-1.366e+00
1.522e+01,8.703e-01,-1.384e+00
1.542e+01,8.670e-01,-1.402e+00
1.562e+01,8.638e-01,-1.420e+00
1.582e+01,8.604e-01,-1.438e+00
1.602e+01,8.571e-01,-1.457e+00
1.622e+01,8.537e-01,-1.475e+00
1.642e+01,8.503e-01,-1.493e+00
1.662e+01,8.469e-01,-1.511e+00
1.682e+01,8.434e-01,-1.529e+00
1.702e+01,8.399e-01,-1.548e+00
1.722e+01,8.363e-01,-1.566e+00
1.742e+01,8.328e-01,-1.584e+00
1.762e+01,8.292e-01,-1.602e+00
1.782e+01,8.256e-01,-1.621e+00
1.802e+01,8.219e-01,-1.639e+00
1.822e+01,8.182e-01,-1.657e+00
1.842e+01,8.145e-01,-1.675e+00
1.862e+01,8.108e-01,-1.693e+00
1.882e+01,8.070e-01,-1.712e+00
1.902e+01,8.033e-01,-1.730e+00
1.922e+01,7.994e-01,-1.748e+00
1.942e+01,7.956e-01,-1.766e+00
1.962e+01,7.917e-01,-1.784e+00
1.982e+01,7.878e-01,-1.803e+00
2.002e+01,7.839e-01,-1.821e+00
2.022e+01,7.800e-01,-1.839e+00
2.042e+01,7.760e-01,-1.857e+00
2.062e+01,7.720e-01,-1.875e+00
2.082e+01,7.680e-01,-1.894e+00
2.102e+01,7.640e-01,-1.912e+00
2.122e+01,7.599e-01,-1.930e+00
2.142e+01,7.559e-01,-1.948e+00
2.162e+01,7.518e-01,-1.966e+00
2.182e+01,7.477e-01,-1.985e+00
2.202e+01,7.435e-01,-2.003e+00
2.222e+01,7.394e-01,-2.021e+00
2.242e+01,7.352e-01,-2.039e+00
2.262e+01,7.310e-01,-2.058e+00
2.282e+01,7.268e-01,-2.076e+00
2.302e+01,7.225e-01,-2.094e+00
2.322e+01,7.183e-01,-2.112e+00
2.342e+01,7.140e-01,-2.130e+00
2.362e+01,7.097e-01,-2.149e+00
2.382e+01,7.054e-01,-2.167e+00
2.402e+01,7.011e-01,-2.185e+00
2.422e+01,6.967e-01,-2.203e+00
2.442e+01,6.924e-01,-2.221e+00
2.462e+01,6.880e-01,-2.240e+00
2.482e+01,6.836e-01,-2.258e+00
2.503e+01,6.792e-01,-2.276e+00
2.523e+01,6.748e-01,-2.294e+00
2.543e+01,6.704e-01,-2.312e+00
2.563e+01,6.660e-01,-2.331e+00
2.583e+01,6.615e-01,-2.349e+00
2.603e+01,6.571e-01,-2.367e+00
2.623e+01,6.526e-01,-2.385e+00
2.643e+01,6.481e-01,-2.403e+00
2.663e+01,6.436e-01,-2.422e+00
2.683e+01,6.391e-01,-2.440e+00
2.703e+01,6.346e-01,-2.458e+00
2.723e+01,6.301e-01,-2.476e+00
2.743e+01,6.255e-01,-2.495e+00
2.763e+01,6.210e-01,-2.513e+00
2.783e+01,6.164e-01,-2.531e+00
2.803e+01,6.119e-01,-2.549e+00
2.823e+01,6.073e-01,-2.567e+00
2.843e+01,6.027e-01,-2.586e+00
2.863e+01,5.982e-01,-2.604e+00
2.883e+01,5.936e-01,-2.622e+00
2.903e+01,5.890e-01,-2.640e+00
2.923e+01,5.844e-01,-2.658e+00
2.943e+01,5.798e-01,-2.677e+00
2.963e+01,5.752e-01,-2.695e+00
2.983e+01,5.706e-01,-2.713e+00
3.003e+01,5.660e-01,-2.731e+00
3.023e+01,5.613e-01,-2.749e+00
3.043e+01,5.567e-01,-2.768e+00
3.063e+01,5.521e-01,-2.786e+00
3.083e+01,5.475e-01,-2.804e+00
3.103e+01,5.428e-01,-2.822e+00
3.123e+01,5.382e-01,-2.840e+00
3.143e+01,5.336e-01,-2.859e+00
3.163e+01,5.290e-01,-2.877e+00
3.183e+01,5.243e-01,-2.895e+00
3.203e+01,5.197e-01,-2.913e+00
3.223e+01,5.151e-01,-2.932e+00
3.243e+01,5.105e-01,-2.950e+00
3.263e+01,5.059e-01,-2.968e+00
3.283e+01,5.012e-01,-2.986e+00
3.303e+01,4.966e-01,-3.004e+00
3.323e+01,4.920e-01,-3.023e+00
3.343e+01,4.874e-01,-3.041e+00
3.363e+01,4.828e-01,-3.059e+00
3.383e+01,4.782e-01,-3.077e+00
3.403e+01,4.736e-01,-3.095e+00
3.423e+01,4.690e-01,-3.114e+00
3.443e+01,4.644e-01,-3.132e+00
3.463e+01,4.598e-01,-3.150e+00
3.483e+01,4.553e-01,-3.168e+00
3.504e+01,4.507e-01,-3.186e+00
3.524e+01,4.462e-01,-3.205e+00
3.544e+01,4.416e-01,-3.223e+00
3.564e+01,4.371e-01,-3.241e+00
3.584e+01,4.325e-01,-3.259e+00
3.604e+01,4.280e-01,-3.277e+00
3.624e+01,4.235e-01,-3.296e+00
3.644e+01,4.190e-01,-3.314e+00
3.664e+01,4.145e-01,-3.332e+00
3.684e+01,4.100e-01,-3.350e+00
3.704e+01,4.055e-01,-3.369e+00
3.724e+01,4.010e-01,-3.387e+00
3.744e+01,3.966e-01,-3.405e+00
3.764e+01,3.921e-01,-3.423e+00
3.784e+01,3.877e-01,-3.441e+00
3.804e+01,3.833e-01,-3.460e+00
3.824e+01,3.789e-01,-3.478e+00
3.844e+01,3.745e-01,-3.496e+00
3.864e+01,3.701e-01,-3.514e+00
3.884e+01,3.657e-01,-3.532e+00
3.904e+01,3.613e-01,-3.551e+00
3.924e+01,3.570e-01,-3.569e+00
3.944e+01,3.527e-01,-3.587e+00
3.964e+01,3.484e-01,-3.605e+00
3.984e+01,3.441e-01,-3.623e+00
4.004e+01,3.398e-01,-3.642e+00
4.024e+01,3.355e-01,-3.660e+00
4.044e+01,3.313e-01,-3.678e+00
4.064e+01,3.270e-01,-3.696e+00
4.084e+01,3.228e-01,-3.714e+00
4.104e+01,3.186e-01,-3.733e+00
4.124e+01,3.144e-01,-3.751e+00
4.144e+01,3.102e-01,-3.769e+00
4.164e+01,3.061e-01,-3.787e+00
4.184e+01,3.020e-01,-3.806e+00
4.204e+01,2.978e-01,-3.824e+00
4.224e+01,2.938e-01,-3.842e+00
4.244e+01,2.897e-01,-3.860e+00
4.264e+01,2.856e-01,-3.878e+00
4.284e+01,2.816e-01,-3.897e+00
4.304e+01,2.776e-01,-3.915e+00
4.324e+01,2.736e-01,-3.933e+00
4.344e+01,2.696e-01,-3.951e+00
4.364e+01,2.656e-01,-3.969e+00
4.384e+01,2.617e-01,-3.988e+00
4.404e+01,2.578e-01,-4.006e+00
4.424e+01,2.539e-01,-4.024e+00
4.444e+01,2.500e-01,-4.042e+00
4.464e+01,2.461e-01,-4.060e+00
4.484e+01,2.423e-01,-4.079e+00
4.505e+01,2.385e-01,-4.097e+00
4.525e+01,2.347e-01,-4.115e+00
4.545e+01,2.310e-01,-4.133e+00
4.565e+01,2.272e-01,-4.151e+00
4.585e+01,2.235e-01,-4.170e+00
4.605e+01,2.198e-01,-4.188e+00
4.625e+01,2.161e-01,-4.206e+00
4.645e+01,2.125e-01,-4.224e+00
4.665e+01,2.088e-01,-4.243e+00
4.685e+01,2.052e-01,-4.261e+00
4.705e+01,2.017e-01,-4.279e+00
4.725e+01,1.981e-01,-4.297e+00
4.745e+01,1.946e-01,-4.315e+00
4.765e+01,1.911e-01,-4.334e+00
4.785e+01,1.876e-01,-4.352e+00
4.805e+01,1.841e-01,-4.370e+00
4.825e+01,1.807e-01,-4.388e+00
4.845e+01,1.773e-01,-4.406e+00
4.865e+01,1.739e-01,-4.425e+00
4.885e+01,1.706e-01,-4.443e+00
4.905e+01,1.672e-01,-4.461e+00
4.925e+01,1.639e-01,-4.479e+00
4.945e+01,1.607e-01,-4.497e+00
4.965e+01,1.574e-01,-4.516e+00
4.985e+01,1.542e-01,-4.534e+00
5.005e+01,1.510e-01,-4.552e+00
5.025e+01,1.478e-01,-4.570e+00
5.045e+01,1.447e-01,-4.588e+00
5.065e+01,1.416e-01,-4.607e+00
5.085e+01,1.385e-01,-4.625e+00
5.105e+01,1.354e-01,-4.643e+00
5.125e+01,1.324e-01,-4.661e+00
5.145e+01,1.293e-01,-4.680e+00
5.165e+01,1.264e-01,-4.698e+00
5.185e+01,1.234e-01,-4.716e+00
5.205e+01,1.205e-01,-4.734e+00
5.225e+01,1.176e-01,-4.752e+00
5.245e+01,1.147e-01,-4.771e+00
5.265e+01,1.118e-01,-4.789e+00
5.285e+01,1.090e-01,-4.807e+00
5.305e+01,1.062e-01,-4.825e+00
5.325e+01,1.035e-01,-4.843e+00
5.345e+01,1.007e-01,-4.862e+00
5.365e+01,9.802e-02,-4.880e+00
5.385e+01,9.534e-02,-4.898e+00
5.405e+01,9.269e-02,-4.916e+00
5.425e+01,9.006e-02,-4.934e+00
5.445e+01,8.746e-02,-4.953e+00
5.465e+01,8.489e-02,-4.971e+00
5.485e+01,8.235e-02,-4.989e+00
5.506e+01,7.984e-02,-5.007e+00
5.526e+01,7.735e-02,-5.025e+00
5.546e+01,7.490e-02,-5.044e+00
5.566e+01,7.247e-02,-5.062e+00
5.586e+01,7.007e-02,-5.080e+00
5.606e+01,6.769e-02,-5.098e+00
5.626e+01,6.535e-02,-5.117e+00
5.646e+01,6.303e-02,-5.135e+00
5.666e+01,6.074e-02,-5.153e+00
5.686e+01,5.848e-02,-5.171e+00
5.706e+01,5.625e-02,-5.189e+00
5.726e+01,5.404e-02,-5.208e+00
5.746e+01,5.187e-02,-5.226e+00
5.766e+01,4.972e-02,-5.244e+00
5.786e+01,4.760e-02,-5.262e+00
5.806e+01,4.551e-02,-5.280e+00
5.826e+01,4.344e-02,-5.299e+00
5.846e+01,4.140e-02,-5.317e+00
5.866e+01,3.939e-02,-5.335e+00
5.886e+01,3.741e-02,-5.353e+00
5.906e+01,3.546e-02,-5.371e+00
5.926e+01,3.353e-02,-5.390e+00
5.946e+01,3.164e-02,-5.408e+00
5.966e+01,2.977e-02,-5.426e+00
5.986e+01,2.792e-02,-5.444e+00
6.006e+01,2.611e-02,-5.462e+00
6.026e+01,2.432e-02,-5.481e+00
6.046e+01,2.256e-02,-5.499e+00
6.066e+01,2.082e-02,-5.517e+00
6.086e+01,1.912e-02,-5.535e+00
6.106e+01,1.744e-02,-5.554e+00
6.126e+01,1.579e-02,-5.572e+00
6.146e+01,1.416e-02,-5.590e+00
6.166e+01,1.256e-02,-5.608e+00
6.186e+01,1.099e-02,-5.626e+00
6.206e+01,9.445e-03,-5.645e+00
6.226e+01,7.926e-03,-5.663e+00
6.246e+01,6.433e-03,-5.681e+00
6.266e+01,4.967e-03,-5.699e+00
6.286e+01,3.527e-03,-5.717e+00
6.306e+01,2.113e-03,-5.736e+00
6.326e+01,7.256e-04,-5.754e+00
6.346e+01,6.363e-04,-2.630e+00
6.366e+01,1.973e-03,-2.649e+00
6.386e+01,3.283e-03,-2.667e+00
6.406e+01,4.568e-03,-2.685e+00
6.426e+01,5.828e-03,-2.703e+00
6.446e+01,7.062e-03,-2.721e+00
6.466e+01,8.272e-03,-2.740e+00
6.486e+01,9.456e-03,-2.758e+00
6.507e+01,1.062e-02,-2.776e+00
6.527e+01,1.175e-02,-2.794e+00
6.547e+01,1.286e-02,-2.812e+00
6.567e+01,1.395e-02,-2.831e+00
6.587e+01,1.501e-02,-2.849e+00
6.607e+01,1.605e-02,-2.867e+00
6.627e+01,1.706e-02,-2.885e+00
6.647e+01,1.805e-02,-2.904e+00
6.667e+01,1.902e-02,-2.922e+00
6.687e+01,1.996e-02,-2.940e+00
6.707e+01,2.088e-02,-2.958e+00
6.727e+01,2.177e-02,-2.976e+00
6.747e+01,2.265e-02,-2.995e+00
6.767e+01,2.350e-02,-3.013e+00
6.787e+01,2.432e-02,-3.031e+00
6.807e+01,2.513e-02,-3.049e+00
6.827e+01,2.591e-02,-3.067e+00
6.847e+01,2.667e-02,-3.086e+00
6.867e+01,2.741e-02,-3.104e+00
6.887e+01,2.813e-02,-3.122e+00
6.907e+01,2.882e-02,-3.140e+00
6.927e+01,2.950e-02,-3.158e+00
6.947e+01,3.015e-02,-3.177e+00
6.967e+01,3.078e-02,-3.195e+00
6.987e+01,3.139e-02,-3.213e+00
7.007e+01,3.198e-02,-3.231e+00
7.027e+01,3.255e-02,-3.249e+00
7.047e+01,3.310e-02,-3.268e+00
7.067e+01,3.363e-02,-3.286e+00
7.087e+01,3.413e-02,-3.304e+00
7.107e+01,3.462e-02,-3.322e+00
7.127e+01,3.509e-02,-3.341e+00
7.147e+01,3.554e-02,-3.359e+00
7.167e+01,3.597e-02,-3.377e+00
7.187e+01,3.639e-02,-3.395e+00
7.207e+01,3.678e-02,-3.413e+00
7.227e+01,3.715e-02,-3.432e+00
7.247e+01,3.751e-02,-3.450e+00
7.267e+01,3.785e-02,-3.468e+00
7.287e+01,3.817e-02,-3.486e+00
7.307e+01,3.847e-02,-3.504e+00
7.327e+01,3.875e-02,-3.523e+00
7.347e+01,3.902e-02,-3.541e+00
7.367e+01,3.927e-02,-3.559e+00
7.387e+01,3.950e-02,-3.577e+00
7.407e+01,3.972e-02,-3.595e+00
7.427e+01,3.992e-02,-3.614e+00
7.447e+01,4.010e-02,-3.632e+00
7.467e+01,4.027e-02,-3.650e+00
7.487e+01,4.042e-02,-3.668e+00
7.508e+01,4.056e-02,-3.686e+00
7.528e+01,4.068e-02,-3.705e+00
7.548e+01,4.078e-02,-3.723e+00
7.568e+01,4.087e-02,-3.741e+00
7.588e+01,4.095e-02,-3.759e+00
7.608e+01,4.101e-02,-3.778e+00
7.628e+01,4.105e-02,-3.796e+00
7.648e+01,4.108e-02,-3.814e+00
7.668e+01,4.110e-02,-3.832e+00
7.688e+01,4.110e-02,-3.850e+00
7.708e+01,4.109e-02,-3.869e+00
7.728e+01,4.107e-02,-3.887e+00
7.748e+01,4.104e-02,-3.905e+00
7.768e+01,4.099e-02,-3.923e+00
7.788e+01,4.092e-02,-3.941e+00
7.808e+01,4.085e-02,-3.960e+00
7.828e+01,4.076e-02,-3.978e+00
7.848e+01,4.066e-02,-3.996e+00
7.868e+01,4.055e-02,-4.014e+00
7.888e+01,4.043e-02,-4.032e+00
7.908e+01,4.030e-02,-4.051e+00
7.928e+01,4.015e-02,-4.069e+00
7.948e+01,4.000e-02,-4.087e+00
7.968e+01,3.983e-02,-4.105e+00
7.988e+01,3.965e-02,-4.123e+00
8.008e+01,3.946e-02,-4.142e+00
8.028e+01,3.927e-02,-4.160e+00
8.048e+01,3.906e-02,-4.178e+00
8.068e+01,3.884e-02,-4.196e+00
8.088e+01,3.861e-02,-4.215e+00
8.108e+01,3.838e-02,-4.233e+00
8.128e+01,3.813e-02,-4.251e+00
8.148e+01,3.787e-02,-4.269e+00
8.168e+01,3.761e-02,-4.287e+00
8.188e+01,3.734e-02,-4.306e+00
8.208e+01,3.706e-02,-4.324e+00
8.228e+01,3.677e-02,-4.342e+00
8.248e+01,3.647e-02,-4.360e+00
8.268e+01,3.617e-02,-4.378e+00
8.288e+01,3.586e-02,-4.397e+00
8.308e+01,3.554e-02,-4.415e+00
8.328e+01,3.521e-02,-4.433e+00
8.348e+01,3.488e-02,-4.451e+00
8.368e+01,3.454e-02,-4.469e+00
8.388e+01,3.419e-02,-4.488e+00
8.408e+01,3.384e-02,-4.506e+00
8.428e+01,3.348e-02,-4.524e+00
8.448e+01,3.312e-02,-4.542e+00
8.468e+01,3.275e-02,-4.560e+00
8.488e+01,3.237e-02,-4.579e+00
8.509e+01,3.199e-02,-4.597e+00
8.529e+01,3.160e-02,-4.615e+00
8.549e+01,3.121e-02,-4.633e+00
8.569e+01,3.081e-02,-4.652e+00
8.589e+01,3.041e-02,-4.670e+00
8.609e+01,3.001e-02,-4.688e+00
8.629e+01,2.960e-02,-4.706e+00
8.649e+01,2.918e-02,-4.724e+00
8.669e+01,2.877e-02,-4.743e+00
8.689e+01,2.834e-02,-4.761e+00
8.709e+01,2.792e-02,-4.779e+00
8.729e+01,2.749e-02,-4.797e+00
8.749e+01,2.706e-02,-4.815e+00
8.769e+01,2.662e-02,-4.834e+00
8.789e+01,2.619e-02,-4.852e+00
8.809e+01,2.575e-02,-4.870e+00
8.829e+01,2.530e-02,-4.888e+00
8.849e+01,2.486e-02,-4.906e+00
8.869e+01,2.441e-02,-4.925e+00
8.889e+01,2.396e-02,-4.943e+00
8.909e+01,2.351e-02,-4.961e+00
8.929e+01,2.306e-02,-4.979e+00
8.949e+01,2.260e-02,-4.997e+00
8.969e+01,2.215e-02,-5.016e+00
8.989e+01,2.169e-02,-5.034e+00
9.009e+01,2.123e-02,-5.052e+00
9.029e+01,2.077e-02,-5.070e+00
9.049e+01,2.032e-02,-5.089e+00
9.069e+01,1.985e-02,-5.107e+00
9.089e+01,1.939e-02,-5.125e+00
9.109e+01,1.893e-02,-5.143e+00
9.129e+01,1.847e-02,-5.161e+00
9.149e+01,1.801e-02,-5.180e+00
9.169e+01,1.755e-02,-5.198e+00
9.189e+01,1.709e-02,-5.216e+00
9.209e+01,1.663e-02,-5.234e+00
9.229e+01,1.617e-02,-5.252e+00
9.249e+01,1.571e-02,-5.271e+00
9.269e+01,1.525e-02,-5.289e+00
9.289e+01,1.479e-02,-5.307e+00
9.309e+01,1.433e-02,-5.325e+00
9.329e+01,1.388e-02,-5.343e+00
9.349e+01,1.342e-02,-5.362e+00
9.369e+01,1.297e-02,-5.380e+00
9.389e+01,1.252e-02,-5.398e+00
9.409e+01,1.207e-02,-5.416e+00
9.429e+01,1.162e-02,-5.434e+00
9.449e+01,1.117e-02,-5.453e+00
9.469e+01,1.073e-02,-5.471e+00
9.489e+01,1.029e-02,-5.489e+00
9.510e+01,9.846e-03,-5.507e+00
9.530e+01,9.408e-03,-5.526e+00
9.550e+01,8.972e-03,-5.544e+00
9.570e+01,8.539e-03,-5.562e+00
9.590e+01,8.108e-03,-5.580e+00
9.610e+01,7.680e-03,-5.598e+00
9.630e+01,7.255e-03,-5.617e+00
9.650e+01,6.833e-03,-5.635e+00
9.670e+01,6.414e-03,-5.653e+00
9.690e+01,5.998e-03,-5.671e+00
9.710e+01,5.585e-03,-5.689e+00
9.730e+01,5.175e-03,-5.708e+00
9.750e+01,4.769e-03,-5.726e+00
9.770e+01,4.366e-03,-5.744e+00
9.790e+01,3.966e-03,-5.762e+00
9.810e+01,3.570e-03,-5.780e+00
9.830e+01,3.178e-03,-5.799e+00
9.850e+01,2.789e-03,-5.817e+00
9.870e+01,2.404e-03,-5.835e+00
9.890e+01,2.023e-03,-5.853e+00
9.910e+01,1.646e-03,-5.871e+00
9.930e+01,1.273e-03,-5.890e+00
9.950e+01,9.042e-04,-5.908e+00
9.970e+01,5.394e-04,-5.926e+00
9.990e+01,1.787e-04,-5.944e+00
1.001e+02,1.777e-04,-2.821e+00
1.003e+02,5.298e-04,-2.839e+00
1.005e+02,8.775e-04,-2.857e+00
1.007e+02,1.221e-03,-2.876e+00
1.009e+02,1.560e-03,-2.894e+00
1.011e+02,1.894e-03,-2.912e+00
1.013e+02,2.224e-03,-2.930e+00
1.015e+02,2.549e-03,-2.948e+00
1.017e+02,2.869e-03,-2.967e+00
1.019e+02,3.185e-03,-2.985e+00
1.021e+02,3.496e-03,-3.003e+00
1.023e+02,3.802e-03,-3.021e+00
1.025e+02,4.104e-03,-3.039e+00
1.027e+02,4.400e-03,-3.058e+00
1.029e+02,4.692e-03,-3.076e+00
1.031e+02,4.978e-03,-3.094e+00
1.033e+02,5.260e-03,-3.112e+00
1.035e+02,5.537e-03,-3.130e+00
1.037e+02,5.808e-03,-3.149e+00
1.039e+02,6.075e-03,-3.167e+00
1.041e+02,6.337e-03,-3.185e+00
1.043e+02,6.593e-03,-3.203e+00
1.045e+02,6.845e-03,-3.222e+00
1.047e+02,7.091e-03,-3.240e+00
1.049e+02,7.332e-03,-3.258e+00
1.051e+02,7.568e-03,-3.276e+00
1.053e+02,7.799e-03,-3.294e+00
1.055e+02,8.024e-03,-3.313e+00
1.057e+02,8.245e-03,-3.331e+00
1.059e+02,8.460e-03,-3.349e+00
1.061e+02,8.670e-03,-3.367e+00
1.063e+02,8.875e-03,-3.385e+00
1.065e+02,9.074e-03,-3.404e+00
1.067e+02,9.268e-03,-3.422e+00
1.069e+02,9.458e-03,-3.440e+00
1.071e+02,9.641e-03,-3.458e+00
1.073e+02,9.820e-03,-3.476e+00
1.075e+02,9.993e-03,-3.495e+00
1.077e+02,1.016e-02,-3.513e+00
1.079e+02,1.032e-02,-3.531e+00
1.081e+02,1.048e-02,-3.549e+00
1.083e+02,1.063e-02,-3.567e+00
1.085e+02,1.078e-02,-3.586e+00
1.087e+02,1.092e-02,-3.604e+00
1.089e+02,1.106e-02,-3.622e+00
1.091e+02,1.119e-02,-3.640e+00
1.093e+02,1.132e-02,-3.659e+00
1.095e+02,1.144e-02,-3.677e+00
1.097e+02,1.156e-02,-3.695e+00
1.099e+02,1.167e-02,-3.713e+00
1.101e+02,1.178e-02,-3.731e+00
1.103e+02,1.188e-02,-3.750e+00
1.105e+02,1.197e-02,-3.768e+00
1.107e+02,1.206e-02,-3.786e+00
1.109e+02,1.215e-02,-3.804e+00
1.111e+02,1.223e-02,-3.822e+00
1.113e+02,1.231e-02,-3.841e+00
1.115e+02,1.238e-02,-3.859e+00
1.117e+02,1.245e-02,-3.877e+00
1.119e+02,1.251e-02,-3.895e+00
1.121e+02,1.257e-02,-3.913e+00
1.123e+02,1.262e-02,-3.932e+00
1.125e+02,1.267e-02,-3.950e+00
1.127e+02,1.271e-02,-3.968e+00
1.129e+02,1.275e-02,-3.986e+00
1.131e+02,1.278e-02,-4.004e+00
1.133e+02,1.281e-02,-4.023e+00
1.135e+02,1.284e-02,-4.041e+00
1.137e+02,1.286e-02,-4.059e+00
1.139e+02,1.287e-02,-4.077e+00
1.141e+02,1.288e-02,-4.096e+00
1.143e+02,1.289e-02,-4.114e+00
1.145e+02,1.289e-02,-4.132e+00
1.147e+02,1.289e-02,-4.150e+00
1.149e+02,1.289e-02,-4.168e+00
1.151e+02,1.287e-02,-4.187e+00
1.153e+02,1.286e-02,-4.205e+00
1.155e+02,1.284e-02,-4.223e+00
1.157e+02,1.282e-02,-4.241e+00
1.159e+02,1.279e-02,-4.259e+00
1.161e+02,1.276e-02,-4.278e+00
1.163e+02,1.273e-02,-4.296e+00
1.165e+02,1.269e-02,-4.314e+00
1.167e+02,1.265e-02,-4.332e+00
1.169e+02,1.260e-02,-4.350e+00
1.171e+02,1.255e-02,-4.369e+00
1.173e+02,1.250e-02,-4.387e+00
1.175e+02,1.244e-02,-4.405e+00
1.177e+02,1.238e-02,-4.423e+00
1.179e+02,1.232e-02,-4.441e+00
1.181e+02,1.225e-02,-4.460e+00
1.183e+02,1.218e-02,-4.478e+00
1.185e+02,1.211e-02,-4.496e+00
1.187e+02,1.203e-02,-4.514e+00
1.189e+02,1.195e-02,-4.533e+00
1.191e+02,1.187e-02,-4.551e+00
1.193e+02,1.178e-02,-4.569e+00
1.195e+02,1.169e-02,-4.587e+00
1.197e+02,1.160e-02,-4.605e+00
1.199e+02,1.151e-02,-4.624e+00
1.201e+02,1.141e-02,-4.642e+00
1.203e+02,1.131e-02,-4.660e+00
1.205e+02,1.121e-02,-4.678e+00
1.207e+02,1.110e-02,-4.696e+00
1.209e+02,1.099e-02,-4.715e+00
1.211e+02,1.088e-02,-4.733e+00
1.213e+02,1.076e-02,-4.751e+00
1.215e+02,1.065e-02,-4.769e+00
1.217e+02,1.053e-02,-4.787e+00
1.219e+02,1.041e-02,-4.806e+00
1.221e+02,1.029e-02,-4.824e+00
1.223e+02,1.016e-02,-4.842e+00
1.225e+02,1.003e-02,-4.860e+00
1.227e+02,9.903e-03,-4.878e+00
1.229e+02,9.772e-03,-4.897e+00
1.231e+02,9.638e-03,-4.915e+00
1.233e+02,9.503e-03,-4.933e+00
1.235e+02,9.365e-03,-4.951e+00
1.237e+02,9.226e-03,-4.970e+00
1.239e+02,9.086e-03,-4.988e+00
1.241e+02,8.943e-03,-5.006e+00
1.243e+02,8.799e-03,-5.024e+00
1.245e+02,8.654e-03,-5.042e+00
1.247e+02,8.507e-03,-5.061e+00
1.249e+02,8.359e-03,-5.079e+00
1.251e+02,8.209e-03,-5.097e+00
1.253e+02,8.058e-03,-5.115e+00
1.255e+02,7.906e-03,-5.133e+00
1.257e+02,7.753e-03,-5.152e+00
1.259e+02,7.598e-03,-5.170e+00
1.261e+02,7.443e-03,-5.188e+00
1.263e+02,7.287e-03,-5.206e+00
1.265e+02,7.129e-03,-5.224e+00
1.267e+02,6.971e-03,-5.243e+00
1.269e+02,6.812e-03,-5.261e+00
1.271e+02,6.652e-03,-5.279e+00
1.273e+02,6.492e-03,-5.297e+00
1.275e+02,6.331e-03,-5.315e+00
1.277e+02,6.169e-03,-5.334e+00
1.279e+02,6.007e-03,-5.352e+00
1.281e+02,5.844e-03,-5.370e+00
1.283e+02,5.681e-03,-5.388e+00
1.285e+02,5.518e-03,-5.406e+00
1.287e+02,5.354e-03,-5.425e+00
1.289e+02,5.190e-03,-5.443e+00
1.291e+02,5.026e-03,-5.461e+00
1.293e+02,4.861e-03,-5.479e+00
1.295e+02,4.697e-03,-5.498e+00
1.297e+02,4.533e-03,-5.516e+00
1.299e+02,4.368e-03,-5.534e+00
1.301e+02,4.204e-03,-5.552e+00
1.303e+02,4.040e-03,-5.570e+00
1.305e+02,3.876e-03,-5.589e+00
1.307e+02,3.712e-03,-5.607e+00
1.309e+02,3.548e-03,-5.625e+00
1.311e+02,3.385e-03,-5.643e+00
1.313e+02,3.222e-03,-5.661e+00
1.315e+02,3.060e-03,-5.680e+00
1.317e+02,2.898e-03,-5.698e+00
1.319e+02,2.736e-03,-5.716e+00
1.321e+02,2.575e-03,-5.734e+00
1.323e+02,2.415e-03,-5.752e+00
1.325e+02,2.255e-03,-5.771e+00
1.327e+02,2.097e-03,-5.789e+00
1.329e+02,1.938e-03,-5.807e+00
1.331e+02,1.781e-03,-5.825e+00
1.333e+02,1.624e-03,-5.843e+00
1.335e+02,1.469e-03,-5.862e+00
1.337e+02,1.314e-03,-5.880e+00
1.339e+02,1.160e-03,-5.898e+00
1.341e+02,1.007e-03,-5.916e+00
1.343e+02,8.553e-04,-5.935e+00
1.345e+02,7.045e-04,-5.953e+00
1.347e+02,5.549e-04,-5.971e+00
1.349e+02,4.063e-04,-5.989e+00
1.351e+02,2.590e-04,-6.007e+00
1.353e+02,1.129e-04,-6.026e+00
1.355e+02,3.196e-05,-2.902e+00
1.357e+02,1.755e-04,-2.920e+00
1.359e+02,3.178e-04,-2.939e+00
1.361e+02,4.587e-04,-2.957e+00
1.363e+02,5.982e-04,-2.975e+00
1.365e+02,7.363e-04,-2.993e+00
1.367e+02,8.729e-04,-3.011e+00
1.369e+02,1.008e-03,-3.030e+00
1.371e+02,1.142e-03,-3.048e+00
1.373e+02,1.274e-03,-3.066e+00
1.375e+02,1.404e-03,-3.084e+00
1.377e+02,1.533e-03,-3.102e+00
1.379e+02,1.660e-03,-3.121e+00
1.381e+02,1.786e-03,-3.139e+00
1.383e+02,1.910e-03,-3.157e+00
1.385e+02,2.032e-03,-3.175e+00
1.387e+02,2.153e-03,-3.194e+00
1.389e+02,2.272e-03,-3.212e+00
1.391e+02,2.389e-03,-3.230e+00
1.393e+02,2.504e-03,-3.248e+00
1.395e+02,2.617e-03,-3.266e+00
1.397e+02,2.729e-03,-3.285e+00
1.399e+02,2.839e-03,-3.303e+00
1.401e+02,2.946e-03,-3.321e+00
1.403e+02,3.052e-03,-3.339e+00
1.405e+02,3.156e-03,-3.357e+00
1.407e+02,3.259e-03,-3.376e+00
1.409e+02,3.359e-03,-3.394e+00
1.411e+02,3.457e-03,-3.412e+00
1.413e+02,3.553e-03,-3.430e+00
1.415e+02,3.647e-03,-3.448e+00
1.417e+02,3.740e-03,-3.467e+00
1.419e+02,3.830e-03,-3.485e+00
1.421e+02,3.918e-03,-3.503e+00
1.423e+02,4.004e-03,-3.521e+00
1.425e+02,4.088e-03,-3.539e+00
1.427e+02,4.170e-03,-3.558e+00
1.429e+02,4.250e-03,-3.576e+00
1.431e+02,4.328e-03,-3.594e+00
1.433e+02,4.404e-03,-3.612e+00
1.435e+02,4.478e-03,-3.631e+00
1.437e+02,4.550e-03,-3.649e+00
1.439e+02,4.619e-03,-3.667e+00
1.441e+02,4.687e-03,-3.685e+00
1.443e+02,4.752e-03,-3.703e+00
1.445e+02,4.815e-03,-3.722e+00
1.447e+02,4.876e-03,-3.740e+00
1.449e+02,4.935e-03,-3.758e+00
1.451e+02,4.992e-03,-3.776e+00
1.453e+02,5.047e-03,-3.794e+00
1.455e+02,5.100e-03,-3.813e+00
1.457e+02,5.150e-03,-3.831e+00
1.459e+02,5.199e-03,-3.849e+00
1.461e+02,5.245e-03,-3.867e+00
1.463e+02,5.289e-03,-3.885e+00
1.465e+02,5.332e-03,-3.904e+00
1.467e+02,5.372e-03,-3.922e+00
1.469e+02,5.409e-03,-3.940e+00
1.471e+02,5.445e-03,-3.958e+00
1.473e+02,5.479e-03,-3.976e+00
1.475e+02,5.511e-03,-3.995e+00
1.477e+02,5.540e-03,-4.013e+00
1.479e+02,5.568e-03,-4.031e+00
1.481e+02,5.593e-03,-4.049e+00
1.483e+02,5.616e-03,-4.068e+00
1.485e+02,5.638e-03,-4.086e+00
1.487e+02,5.657e-03,-4.104e+00
1.489e+02,5.674e-03,-4.122e+00
1.491e+02,5.690e-03,-4.140e+00
1.493e+02,5.703e-03,-4.159e+00
1.495e+02,5.714e-03,-4.177e+00
1.497e+02,5.723e-03,-4.195e+00
1.499e+02,5.731e-03,-4.213e+00
1.502e+02,5.736e-03,-4.231e+00
1.504e+02,5.740e-03,-4.250e+00
1.506e+02,5.741e-03,-4.268e+00
1.508e+02,5.741e-03,-4.286e+00
1.510e+02,5.739e-03,-4.304e+00
1.512e+02,5.734e-03,-4.322e+00
1.514e+02,5.728e-03,-4.341e+00
1.516e+02,5.720e-03,-4.359e+00
1.518e+02,5.711e-03,-4.377e+00
1.520e+02,5.699e-03,-4.395e+00
1.522e+02,5.686e-03,-4.413e+00
1.524e+02,5.671e-03,-4.432e+00
1.526e+02,5.654e-03,-4.450e+00
1.528e+02,5.636e-03,-4.468e+00
1.530e+02,5.615e-03,-4.486e+00
1.532e+02,5.593e-03,-4.505e+00
1.534e+02,5.570e-03,-4.523e+00
1.536e+02,5.544e-03,-4.541e+00
1.538e+02,5.518e-03,-4.559e+00
1.540e+02,5.489e-03,-4.577e+00
1.542e+02,5.459e-03,-4.596e+00
1.544e+02,5.427e-03,-4.614e+00
1.546e+02,5.394e-03,-4.632e+00
1.548e+02,5.359e-03,-4.650e+00
1.550e+02,5.323e-03,-4.668e+00
1.552e+02,5.285e-03,-4.687e+00
1.554e+02,5.246e-03,-4.705e+00
1.556e+02,5.205e-03,-4.723e+00
1.558e+02,5.163e-03,-4.741e+00
1.560e+02,5.120e-03,-4.759e+00
1.562e+02,5.075e-03,-4.778e+00
1.564e+02,5.029e-03,-4.796e+00
1.566e+02,4.982e-03,-4.814e+00
1.568e+02,4.933e-03,-4.832e+00
1.570e+02,4.883e-03,-4.850e+00
1.572e+02,4.832e-03,-4.869e+00
1.574e+02,4.779e-03,-4.887e+00
1.576e+02,4.726e-03,-4.905e+00
1.578e+02,4.671e-03,-4.923e+00
1.580e+02,4.615e-03,-4.942e+00
1.582e+02,4.558e-03,-4.960e+00
1.584e+02,4.500e-03,-4.978e+00
1.586e+02,4.441e-03,-4.996e+00
1.588e+02,4.381e-03,-5.014e+00
1.590e+02,4.320e-03,-5.033e+00
1.592e+02,4.258e-03,-5.051e+00
1.594e+02,4.195e-03,-5.069e+00
1.596e+02,4.131e-03,-5.087e+00
1.598e+02,4.066e-03,-5.105e+00
1.600e+02,4.000e-03,-5.124e+00
1.602e+02,3.934e-03,-5.142e+00
1.604e+02,3.867e-03,-5.160e+00
1.606e+02,3.799e-03,-5.178e+00
1.608e+02,3.730e-03,-5.196e+00
1.610e+02,3.660e-03,-5.215e+00
1.612e+02,3.590e-03,-5.233e+00
1.614e+02,3.519e-03,-5.251e+00
1.616e+02,3.448e-03,-5.269e+00
1.618e+02,3.375e-03,-5.287e+00
1.620e+02,3.303e-03,-5.306e+00
1.622e+02,3.229e-03,-5.324e+00
1.624e+02,3.156e-03,-5.342e+00
1.626e+02,3.081e-03,-5.360e+00
1.628e+02,3.007e-03,-5.379e+00
1.630e+02,2.931e-03,-5.397e+00
1.632e+02,2.856e-03,-5.415e+00
1.634e+02,2.780e-03,-5.433e+00
1.636e+02,2.703e-03,-5.451e+00
1.638e+02,2.627e-03,-5.470e+00
1.640e+02,2.550e-03,-5.488e+00
1.642e+02,2.472e-03,-5.506e+00
1.644e+02,2.395e-03,-5.524e+00
1.646e+02,2.317e-03,-5.542e+00
1.648e+02,2.239e-03,-5.561e+00
1.650e+02,2.161e-03,-5.579e+00
1.652e+02,2.083e-03,-5.597e+00
1.654e+02,2.004e-03,-5.615e+00
1.656e+02,1.926e-03,-5.633e+00
1.658e+02,1.847e-03,-5.652e+00
1.660e+02,1.769e-03,-5.670e+00
1.662e+02,1.690e-03,-5.688e+00
1.664e+02,1.611e-03,-5.706e+00
1.666e+02,1.533e-03,-5.724e+00
1.668e+02,1.454e-03,-5.743e+00
1.670e+02,1.376e-03,-5.761e+00
1.672e+02,1.297e-03,-5.779e+00
1.674e+02,1.219e-03,-5.797e+00
1.676e+02,1.141e-03,-5.816e+00
1.678e+02,1.063e-03,-5.834e+00
1.680e+02,9.855e-04,-5.852e+00
1.682e+02,9.081e-04,-5.870e+00
1.684e+02,8.309e-04,-5.888e+00
1.686e+02,7.540e-04,-5.907e+00
1.688e+02,6.773e-04,-5.925e+00
1.690e+02,6.010e-04,-5.943e+00
1.692e+02,5.251e-04,-5.961e+00
1.694e+02,4.495e-04,-5.979e+00
1.696e+02,3.743e-04,-5.998e+00
1.698e+02,2.995e-04,-6.016e+00
1.700e+02,2.251e-04,-6.034e+00
1.702e+02,1.512e-04,-6.052e+00
1.704e+02,7.772e-05,-6.070e+00
1.706e+02,4.752e-06,-6.089e+00
1.708e+02,6.770e-05,-2.965e+00
1.710e+02,1.396e-04,-2.983e+00
1.712e+02,2.110e-04,-3.002e+00
1.714e+02,2.818e-04,-3.020e+00
1.716e+02,3.520e-04,-3.038e+00
1.718e+02,4.216e-04,-3.056e+00
1.720e+02,4.906e-04,-3.074e+00
1.722e+02,5.590e-04,-3.093e+00
1.724e+02,6.267e-04,-3.111e+00
1.726e+02,6.937e-04,-3.129e+00
1.728e+02,7.600e-04,-3.147e+00
1.730e+02,8.256e-04,-3.166e+00
1.732e+02,8.905e-04,-3.184e+00
1.734e+02,9.546e-04,-3.202e+00
1.736e+02,1.018e-03,-3.220e+00
1.738e+02,1.081e-03,-3.238e+00
1.740e+02,1.142e-03,-3.257e+00
1.742e+02,1.203e-03,-3.275e+00
1.744e+02,1.264e-03,-3.293e+00
1.746e+02,1.323e-03,-3.311e+00
1.748e+02,1.381e-03,-3.329e+00
1.750e+02,1.439e-03,-3.348e+00
1.752e+02,1.496e-03,-3.366e+00
1.754e+02,1.552e-03,-3.384e+00
1.756e+02,1.607e-03,-3.402e+00
1.758e+02,1.661e-03,-3.420e+00
1.760e+02,1.714e-03,-3.439e+00
1.762e+02,1.766e-03,-3.457e+00
1.764e+02,1.818e-03,-3.475e+00
1.766e+02,1.868e-03,-3.493e+00
1.768e+02,1.918e-03,-3.511e+00
1.770e+02,1.966e-03,-3.530e+00
1.772e+02,2.013e-03,-3.548e+00
1.774e+02,2.060e-03,-3.566e+00
1.776e+02,2.105e-03,-3.584e+00
1.778e+02,2.150e-03,-3.603e+00
1.780e+02,2.193e-03,-3.621e+00
1.782e+02,2.236e-03,-3.639e+00
1.784e+02,2.277e-03,-3.657e+00
1.786e+02,2.318e-03,-3.675e+00
1.788e+02,2.357e-03,-3.694e+00
1.790e+02,2.395e-03,-3.712e+00
1.792e+02,2.433e-03,-3.730e+00
1.794e+02,2.469e-03,-3.748e+00
1.796e+02,2.504e-03,-3.766e+00
1.798e+02,2.538e-03,-3.785e+00
1.800e+02,2.571e-03,-3.803e+00
1.802e+02,2.603e-03,-3.821e+00
1.804e+02,2.634e-03,-3.839e+00
1.806e+02,2.664e-03,-3.857e+00
1.808e+02,2.693e-03,-3.876e+00
1.810e+02,2.720e-03,-3.894e+00
1.812e+02,2.747e-03,-3.912e+00
1.814e+02,2.772e-03,-3.930e+00
1.816e+02,2.797e-03,-3.948e+00
1.818e+02,2.820e-03,-3.967e+00
1.820e+02,2.842e-03,-3.985e+00
1.822e+02,2.864e-03,-4.003e+00
1.824e+02,2.884e-03,-4.021e+00
1.826e+02,2.903e-03,-4.040e+00
1.828e+02,2.921e-03,-4.058e+00
1.830e+02,2.937e-03,-4.076e+00
1.832e+02,2.953e-03,-4.094e+00
1.834e+02,2.968e-03,-4.112e+00
1.836e+02,2.981e-03,-4.131e+00
1.838e+02,2.994e-03,-4.149e+00
1.840e+02,3.005e-03,-4.167e+00
1.842e+02,3.016e-03,-4.185e+00
1.844e+02,3.025e-03,-4.203e+00
1.846e+02,3.033e-03,-4.222e+00
1.848e+02,3.041e-03,-4.240e+00
1.850e+02,3.047e-03,-4.258e+00
1.852e+02,3.052e-03,-4.276e+00
1.854e+02,3.056e-03,-4.294e+00
1.856e+02,3.059e-03,-4.313e+00
1.858e+02,3.061e-03,-4.331e+00
1.860e+02,3.062e-03,-4.349e+00
1.862e+02,3.062e-03,-4.367e+00
1.864e+02,3.061e-03,-4.385e+00
1.866e+02,3.059e-03,-4.404e+00
1.868e+02,3.056e-03,-4.422e+00
1.870e+02,3.051e-03,-4.440e+00
1.872e+02,3.046e-03,-4.458e+00
1.874e+02,3.040e-03,-4.477e+00
1.876e+02,3.033e-03,-4.495e+00
1.878e+02,3.026e-03,-4.513e+00
1.880e+02,3.017e-03,-4.531e+00
1.882e+02,3.007e-03,-4.549e+00
1.884e+02,2.996e-03,-4.568e+00
1.886e+02,2.984e-03,-4.586e+00
1.888e+02,2.972e-03,-4.604e+00
1.890e+02,2.958e-03,-4.622e+00
1.892e+02,2.944e-03,-4.640e+00
1.894e+02,2.929e-03,-4.659e+00
1.896e+02,2.913e-03,-4.677e+00
1.898e+02,2.896e-03,-4.695e+00
1.900e+02,2.878e-03,-4.713e+00
1.902e+02,2.859e-03,-4.731e+00
1.904e+02,2.839e-03,-4.750e+00
1.906e+02,2.819e-03,-4.768e+00
1.908e+02,2.798e-03,-4.786e+00
1.910e+02,2.776e-03,-4.804e+00
1.912e+02,2.753e-03,-4.822e+00
1.914e+02,2.730e-03,-4.841e+00
1.916e+02,2.706e-03,-4.859e+00
1.918e+02,2.681e-03,-4.877e+00
1.920e+02,2.655e-03,-4.895e+00
1.922e+02,2.629e-03,-4.914e+00
1.924e+02,2.601e-03,-4.932e+00
1.926e+02,2.574e-03,-4.950e+00
1.928e+02,2.545e-03,-4.968e+00
1.930e+02,2.516e-03,-4.986e+00
1.932e+02,2.486e-03,-5.005e+00
1.934e+02,2.456e-03,-5.023e+00
1.936e+02,2.425e-03,-5.041e+00
1.938e+02,2.393e-03,-5.059e+00
1.940e+02,2.361e-03,-5.077e+00
1.942e+02,2.328e-03,-5.096e+00
1.944e+02,2.294e-03,-5.114e+00
1.946e+02,2.260e-03,-5.132e+00
1.948e+02,2.226e-03,-5.150e+00
1.950e+02,2.191e-03,-5.168e+00
1.952e+02,2.155e-03,-5.187e+00
1.954e+02,2.119e-03,-5.205e+00
1.956e+02,2.083e-03,-5.223e+00
1.958e+02,2.046e-03,-5.241e+00
1.960e+02,2.008e-03,-5.259e+00
1.962e+02,1.971e-03,-5.278e+00
1.964e+02,1.932e-03,-5.296e+00
1.966e+02,1.894e-03,-5.314e+00
1.968e+02,1.854e-03,-5.332e+00
1.970e+02,1.815e-03,-5.351e+00
1.972e+02,1.775e-03,-5.369e+00
1.974e+02,1.735e-03,-5.387e+00
1.976e+02,1.695e-03,-5.405e+00
1.978e+02,1.654e-03,-5.423e+00
1.980e+02,1.613e-03,-5.442e+00
1.982e+02,1.571e-03,-5.460e+00
1.984e+02,1.530e-03,-5.478e+00
1.986e+02,1.488e-03,-5.496e+00
1.988e+02,1.446e-03,-5.514e+00
1.990e+02,1.403e-03,-5.533e+00
1.992e+02,1.361e-03,-5.551e+00
1.994e+02,1.318e-03,-5.569e+00
1.996e+02,1.275e-03,-5.587e+00
1.998e+02,1.232e-03,-5.605e+00
2.000e+02,1.188e-03,-5.624e+00
