w,A,u,m,p
1.000e+00,-8.686e-05,8.954e+01,0.000e+00,-1.000e-02
3.502e+00,-1.065e-03,6.777e+01,0.000e+00,-3.502e-02
6.004e+00,-3.131e-03,5.841e+01,0.000e+00,-6.004e-02
8.506e+00,-6.285e-03,5.235e+01,0.000e+00,-8.506e-02
1.101e+01,-1.053e-02,4.787e+01,0.000e+00,-1.101e-01
1.351e+01,-1.586e-02,4.432e+01,0.000e+00,-1.351e-01
1.601e+01,-2.228e-02,4.137e+01,0.000e+00,-1.601e-01
1.851e+01,-2.978e-02,3.884e+01,0.000e+00,-1.851e-01
2.102e+01,-3.838e-02,3.664e+01,0.000e+00,-2.102e-01
2.352e+01,-4.807e-02,3.469e+01,0.000e+00,-2.352e-01
2.602e+01,-5.886e-02,3.293e+01,0.000e+00,-2.602e-01
2.852e+01,-7.074e-02,3.134e+01,0.000e+00,-2.852e-01
3.102e+01,-8.371e-02,2.988e+01,0.000e+00,-3.102e-01
3.352e+01,-9.778e-02,2.853e+01,0.000e+00,-3.352e-01
3.603e+01,-1.129e-01,2.728e+01,0.000e+00,-3.603e-01
3.853e+01,-1.292e-01,2.611e+01,0.000e+00,-3.853e-01
4.103e+01,-1.466e-01,2.502e+01,0.000e+00,-4.103e-01
4.353e+01,-1.650e-01,2.399e+01,0.000e+00,-4.353e-01
4.603e+01,-1.846e-01,2.302e+01,0.000e+00,-4.603e-01
4.854e+01,-2.053e-01,2.210e+01,0.000e+00,-4.854e-01
5.104e+01,-2.271e-01,2.123e+01,0.000e+00,-5.104e-01
5.354e+01,-2.500e-01,2.040e+01,0.000e+00,-5.354e-01
5.604e+01,-2.740e-01,1.960e+01,0.000e+00,-5.604e-01
5.854e+01,-2.992e-01,1.884e+01,0.000e+00,-5.854e-01
6.105e+01,-3.254e-01,1.812e+01,0.000e+00,-6.105e-01
6.355e+01,-3.528e-01,1.742e+01,0.000e+00,-6.355e-01
6.605e+01,-3.813e-01,1.675e+01,0.000e+00,-6.605e-01
6.855e+01,-4.109e-01,1.610e+01,0.000e+00,-6.855e-01
7.105e+01,-4.417e-01,1.548e+01,0.000e+00,-7.105e-01
7.355e+01,-4.736e-01,1.488e+01,0.000e+00,-7.355e-01
7.606e+01,-5.067e-01,1.430e+01,0.000e+00,-7.606e-01
7.856e+01,-5.409e-01,1.373e+01,0.000e+00,-7.856e-01
8.106e+01,-5.762e-01,1.319e+01,0.000e+00,-8.106e-01
8.356e+01,-6.127e-01,1.266e+01,0.000e+00,-8.356e-01
8.606e+01,-6.503e-01,1.215e+01,0.000e+00,-8.606e-01
8.857e+01,-6.891e-01,1.165e+01,0.000e+00,-8.857e-01
9.107e+01,-7.291e-01,1.117e+01,0.000e+00,-9.107e-01
9.357e+01,-7.702e-01,1.070e+01,0.000e+00,-9.357e-01
9.607e+01,-8.126e-01,1.024e+01,0.000e+00,-9.607e-01
9.857e+01,-8.560e-01,9.792e+00,0.000e+00,-9.857e-01
1.011e+02,-9.007e-01,9.357e+00,0.000e+00,-1.011e+00
1.036e+02,-9.466e-01,8.932e+00,0.000e+00,-1.036e+00
1.061e+02,-9.937e-01,8.517e+00,0.000e+00,-1.061e+00
1.086e+02,-1.042e+00,8.112e+00,0.000e+00,-1.086e+00
1.111e+02,-1.091e+00,7.717e+00,0.000e+00,-1.111e+00
1.136e+02,-1.142e+00,7.330e+00,0.000e+00,-1.136e+00
1.161e+02,-1.194e+00,6.951e+00,0.000e+00,-1.161e+00
1.186e+02,-1.247e+00,6.581e+00,0.000e+00,-1.186e+00
1.211e+02,-1.301e+00,6.218e+00,0.000e+00,-1.211e+00
1.236e+02,-1.357e+00,5.863e+00,-1.578e-01,-1.236e+00
1.261e+02,-1.414e+00,5.515e+00,-5.059e-01,-1.261e+00
1.286e+02,-1.472e+00,5.173e+00,-8.472e-01,-1.286e+00
1.311e+02,-1.531e+00,4.839e+00,-1.182e+00,-1.311e+00
1.336e+02,-1.592e+00,4.510e+00,-1.510e+00,-1.336e+00
1.361e+02,-1.654e+00,4.188e+00,-1.833e+00,-1.361e+00
1.386e+02,-1.717e+00,3.871e+00,-2.149e+00,-1.386e+00
1.411e+02,-1.782e+00,3.561e+00,-2.460e+00,-1.411e+00
1.436e+02,-1.848e+00,3.255e+00,-2.765e+00,-1.436e+00
1.461e+02,-1.915e+00,2.955e+00,-3.065e+00,-1.461e+00
1.486e+02,-1.983e+00,2.660e+00,-3.360e+00,-1.486e+00
1.511e+02,-2.053e+00,2.370e+00,-3.650e+00,-1.511e+00
1.536e+02,-2.124e+00,2.085e+00,-3.935e+00,-1.536e+00
1.561e+02,-2.197e+00,1.804e+00,-4.216e+00,-1.561e+00
1.586e+02,-2.270e+00,1.528e+00,-4.492e+00,-1.586e+00
1.611e+02,-2.346e+00,1.256e+00,-4.764e+00,-1.611e+00
1.636e+02,-2.422e+00,9.888e-01,-5.032e+00,-1.636e+00
1.661e+02,-2.500e+00,7.251e-01,-5.295e+00,-1.661e+00
1.686e+02,-2.580e+00,4.655e-01,-5.555e+00,-1.686e+00
1.711e+02,-2.660e+00,2.096e-01,-5.811e+00,-1.711e+00
1.736e+02,-2.743e+00,-4.252e-02,-6.063e+00,-1.736e+00
1.761e+02,-2.826e+00,-2.910e-01,-6.312e+00,-1.761e+00
1.786e+02,-2.912e+00,-5.361e-01,-6.557e+00,-1.786e+00
1.811e+02,-2.998e+00,-7.777e-01,-6.798e+00,-1.811e+00
1.836e+02,-3.086e+00,-1.016e+00,-7.037e+00,-1.836e+00
1.861e+02,-3.176e+00,-1.251e+00,-7.272e+00,-1.861e+00
1.886e+02,-3.267e+00,-1.483e+00,-7.504e+00,-1.886e+00
1.911e+02,-3.360e+00,-1.712e+00,-7.732e+00,-1.911e+00
1.936e+02,-3.454e+00,-1.938e+00,-7.958e+00,-1.936e+00
1.961e+02,-3.550e+00,-2.161e+00,-8.181e+00,-1.961e+00
1.986e+02,-3.647e+00,-2.381e+00,-8.402e+00,-1.986e+00
2.012e+02,-3.746e+00,-2.598e+00,-8.619e+00,-2.012e+00
2.037e+02,-3.847e+00,-2.813e+00,-8.834e+00,-2.037e+00
2.062e+02,-3.949e+00,-3.025e+00,-9.046e+00,-2.062e+00
2.087e+02,-4.053e+00,-3.235e+00,-9.255e+00,-2.087e+00
2.112e+02,-4.158e+00,-3.442e+00,-9.462e+00,-2.112e+00
2.137e+02,-4.266e+00,-3.646e+00,-9.667e+00,-2.137e+00
2.162e+02,-4.375e+00,-3.849e+00,-9.869e+00,-2.162e+00
2.187e+02,-4.485e+00,-4.049e+00,-1.007e+01,-2.187e+00
2.212e+02,-4.598e+00,-4.246e+00,-1.027e+01,-2.212e+00
2.237e+02,-4.712e+00,-4.442e+00,-1.046e+01,-2.237e+00
2.262e+02,-4.828e+00,-4.635e+00,-1.066e+01,-2.262e+00
2.287e+02,-4.946e+00,-4.826e+00,-1.085e+01,-2.287e+00
2.312e+02,-5.066e+00,-5.015e+00,-1.104e+01,-2.312e+00
2.337e+02,-5.188e+00,-5.202e+00,-1.122e+01,-2.337e+00
2.362e+02,-5.311e+00,-5.387e+00,-1.141e+01,-2.362e+00
2.387e+02,-5.437e+00,-5.570e+00,-1.159e+01,-2.387e+00
2.412e+02,-5.564e+00,-5.751e+00,-1.177e+01,-2.412e+00
2.437e+02,-5.694e+00,-5.931e+00,-1.195e+01,-2.437e+00
2.462e+02,-5.825e+00,-6.108e+00,-1.213e+01,-2.462e+00
2.487e+02,-5.959e+00,-6.284e+00,-1.230e+01,-2.487e+00
2.512e+02,-6.095e+00,-6.458e+00,-1.248e+01,-2.512e+00
2.537e+02,-6.233e+00,-6.630e+00,-1.265e+01,-2.537e+00
2.562e+02,-6.373e+00,-6.800e+00,-1.282e+01,-2.562e+00
2.587e+02,-6.515e+00,-6.969e+00,-1.299e+01,-2.587e+00
2.612e+02,-6.659e+00,-7.136e+00,-1.316e+01,-2.612e+00
2.637e+02,-6.806e+00,-7.302e+00,-1.332e+01,-2.637e+00
2.662e+02,-6.955e+00,-7.466e+00,-1.349e+01,-2.662e+00
2.687e+02,-7.107e+00,-7.628e+00,-1.365e+01,-2.687e+00
2.712e+02,-7.261e+00,-7.789e+00,-1.381e+01,-2.712e+00
2.737e+02,-7.417e+00,-7.949e+00,-1.397e+01,-2.737e+00
2.762e+02,-7.576e+00,-8.107e+00,-1.413e+01,-2.762e+00
2.787e+02,-7.738e+00,-8.264e+00,-1.428e+01,-2.787e+00
2.812e+02,-7.902e+00,-8.419e+00,-1.444e+01,-2.812e+00
2.837e+02,-8.069e+00,-8.573e+00,-1.459e+01,-2.837e+00
2.862e+02,-8.239e+00,-8.725e+00,-1.475e+01,-2.862e+00
2.887e+02,-8.411e+00,-8.876e+00,-1.490e+01,-2.887e+00
2.912e+02,-8.587e+00,-9.026e+00,-1.505e+01,-2.912e+00
2.937e+02,-8.765e+00,-9.175e+00,-1.520e+01,-2.937e+00
2.962e+02,-8.947e+00,-9.322e+00,-1.534e+01,-2.962e+00
2.987e+02,-9.131e+00,-9.468e+00,-1.549e+01,-2.987e+00
3.012e+02,-9.319e+00,-9.613e+00,-1.563e+01,-3.012e+00
3.037e+02,-9.510e+00,-9.757e+00,-1.578e+01,-3.037e+00
3.062e+02,-9.704e+00,-9.899e+00,-1.592e+01,-3.062e+00
3.087e+02,-9.902e+00,-1.004e+01,-1.606e+01,-3.087e+00
3.112e+02,-1.010e+01,-1.018e+01,-1.620e+01,-3.112e+00
3.137e+02,-1.031e+01,-1.032e+01,-1.634e+01,-3.137e+00
3.162e+02,-1.052e+01,-1.046e+01,-1.648e+01,-3.162e+00
3.187e+02,-1.073e+01,-1.059e+01,-1.662e+01,-3.187e+00
3.212e+02,-1.095e+01,-1.073e+01,-1.675e+01,-3.212e+00
3.237e+02,-1.117e+01,-1.087e+01,-1.689e+01,-3.237e+00
3.262e+02,-1.139e+01,-1.100e+01,-1.702e+01,-3.262e+00
3.287e+02,-1.162e+01,-1.113e+01,-1.715e+01,-3.287e+00
3.312e+02,-1.186e+01,-1.126e+01,-1.728e+01,-3.312e+00
3.337e+02,-1.209e+01,-1.139e+01,-1.742e+01,-3.337e+00
3.363e+02,-1.234e+01,-1.152e+01,-1.754e+01,-3.363e+00
3.388e+02,-1.259e+01,-1.165e+01,-1.767e+01,-3.388e+00
3.413e+02,-1.284e+01,-1.178e+01,-1.780e+01,-3.413e+00
3.438e+02,-1.310e+01,-1.191e+01,-1.793e+01,-3.438e+00
3.463e+02,-1.337e+01,-1.203e+01,-1.805e+01,-3.463e+00
3.488e+02,-1.364e+01,-1.216e+01,-1.818e+01,-3.488e+00
3.513e+02,-1.391e+01,-1.228e+01,-1.830e+01,-3.513e+00
3.538e+02,-1.420e+01,-1.241e+01,-1.843e+01,-3.538e+00
3.563e+02,-1.449e+01,-1.253e+01,-1.855e+01,-3.563e+00
3.588e+02,-1.479e+01,-1.265e+01,-1.867e+01,-3.588e+00
3.613e+02,-1.509e+01,-1.277e+01,-1.879e+01,-3.613e+00
3.638e+02,-1.541e+01,-1.289e+01,-1.891e+01,-3.638e+00
3.663e+02,-1.573e+01,-1.301e+01,-1.903e+01,-3.663e+00
3.688e+02,-1.606e+01,-1.313e+01,-1.915e+01,-3.688e+00
3.713e+02,-1.640e+01,-1.325e+01,-1.927e+01,-3.713e+00
3.738e+02,-1.675e+01,-1.336e+01,-1.938e+01,-3.738e+00
3.763e+02,-1.711e+01,-1.348e+01,-1.950e+01,-3.763e+00
3.788e+02,-1.748e+01,-1.359e+01,-1.961e+01,-3.788e+00
3.813e+02,-1.786e+01,-1.371e+01,-1.973e+01,-3.813e+00
3.838e+02,-1.826e+01,-1.382e+01,-1.984e+01,-3.838e+00
3.863e+02,-1.867e+01,-1.393e+01,-1.995e+01,-3.863e+00
3.888e+02,-1.909e+01,-1.405e+01,-2.007e+01,-3.888e+00
3.913e+02,-1.953e+01,-1.416e+01,-2.018e+01,-3.913e+00
3.938e+02,-1.999e+01,-1.427e+01,-2.029e+01,-3.938e+00
3.963e+02,-2.046e+01,-1.438e+01,-2.040e+01,-3.963e+00
3.988e+02,-2.096e+01,-1.449e+01,-2.051e+01,-3.988e+00
4.013e+02,-2.147e+01,-1.460e+01,-2.062e+01,-4.013e+00
4.038e+02,-2.202e+01,-1.470e+01,-2.072e+01,-4.038e+00
4.063e+02,-2.258e+01,-1.481e+01,-2.083e+01,-4.063e+00
4.088e+02,-2.318e+01,-1.492e+01,-2.094e+01,-4.088e+00
4.113e+02,-2.382e+01,-1.502e+01,-2.104e+01,-4.113e+00
4.138e+02,-2.449e+01,-1.513e+01,-2.115e+01,-4.138e+00
4.163e+02,-2.521e+01,-1.523e+01,-2.125e+01,-4.163e+00
4.188e+02,-2.598e+01,-1.534e+01,-2.136e+01,-4.188e+00
4.213e+02,-2.680e+01,-1.544e+01,-2.146e+01,-4.213e+00
4.238e+02,-2.770e+01,-1.554e+01,-2.157e+01,-4.238e+00
4.263e+02,-2.868e+01,-1.565e+01,-2.167e+01,-4.263e+00
4.288e+02,-2.977e+01,-1.575e+01,-2.177e+01,-4.288e+00
4.313e+02,-3.099e+01,-1.585e+01,-2.187e+01,-4.313e+00
4.338e+02,-3.238e+01,-1.595e+01,-2.197e+01,-4.338e+00
4.363e+02,-3.399e+01,-1.605e+01,-2.207e+01,-4.363e+00
4.388e+02,-3.594e+01,-1.615e+01,-2.217e+01,-4.388e+00
4.413e+02,-3.839e+01,-1.625e+01,-2.227e+01,-4.413e+00
4.438e+02,-4.174e+01,-1.635e+01,-2.237e+01,-4.438e+00
4.463e+02,-4.709e+01,-1.644e+01,-2.246e+01,-4.463e+00
4.488e+02,-6.269e+01,-1.654e+01,-2.256e+01,-4.488e+00
4.513e+02,-5.084e+01,-1.664e+01,-2.266e+01,-1.372e+00
4.538e+02,-4.388e+01,-1.673e+01,-2.275e+01,-1.397e+00
4.563e+02,-4.014e+01,-1.683e+01,-2.285e+01,-1.422e+00
4.588e+02,-3.759e+01,-1.692e+01,-2.294e+01,-1.447e+00
4.613e+02,-3.566e+01,-1.702e+01,-2.304e+01,-1.472e+00
4.638e+02,-3.412e+01,-1.711e+01,-2.313e+01,-1.497e+00
4.663e+02,-3.284e+01,-1.721e+01,-2.323e+01,-1.522e+00
4.689e+02,-3.175e+01,-1.730e+01,-2.332e+01,-1.547e+00
4.714e+02,-3.081e+01,-1.739e+01,-2.341e+01,-1.572e+00
4.739e+02,-2.998e+01,-1.748e+01,-2.350e+01,-1.597e+00
4.764e+02,-2.925e+01,-1.757e+01,-2.360e+01,-1.622e+00
4.789e+02,-2.859e+01,-1.767e+01,-2.369e+01,-1.647e+00
4.814e+02,-2.799e+01,-1.776e+01,-2.378e+01,-1.672e+00
4.839e+02,-2.745e+01,-1.785e+01,-2.387e+01,-1.697e+00
4.864e+02,-2.696e+01,-1.794e+01,-2.396e+01,-1.722e+00
4.889e+02,-2.650e+01,-1.803e+01,-2.405e+01,-1.747e+00
4.914e+02,-2.609e+01,-1.811e+01,-2.413e+01,-1.772e+00
4.939e+02,-2.570e+01,-1.820e+01,-2.422e+01,-1.797e+00
4.964e+02,-2.535e+01,-1.829e+01,-2.431e+01,-1.822e+00
4.989e+02,-2.502e+01,-1.838e+01,-2.440e+01,-1.847e+00
5.014e+02,-2.471e+01,-1.846e+01,-2.448e+01,-1.872e+00
5.039e+02,-2.442e+01,-1.855e+01,-2.457e+01,-1.897e+00
5.064e+02,-2.416e+01,-1.864e+01,-2.466e+01,-1.922e+00
5.089e+02,-2.391e+01,-1.872e+01,-2.474e+01,-1.947e+00
5.114e+02,-2.368e+01,-1.881e+01,-2.483e+01,-1.972e+00
5.139e+02,-2.346e+01,-1.889e+01,-2.491e+01,-1.997e+00
5.164e+02,-2.326e+01,-1.898e+01,-2.500e+01,-2.022e+00
5.189e+02,-2.307e+01,-1.906e+01,-2.508e+01,-2.047e+00
5.214e+02,-2.290e+01,-1.914e+01,-2.516e+01,-2.072e+00
5.239e+02,-2.274e+01,-1.923e+01,-2.525e+01,-2.097e+00
5.264e+02,-2.259e+01,-1.931e+01,-2.533e+01,-2.122e+00
5.289e+02,-2.245e+01,-1.939e+01,-2.541e+01,-2.147e+00
5.314e+02,-2.231e+01,-1.947e+01,-2.549e+01,-2.172e+00
5.339e+02,-2.219e+01,-1.956e+01,-2.558e+01,-2.197e+00
5.364e+02,-2.208e+01,-1.964e+01,-2.566e+01,-2.222e+00
5.389e+02,-2.198e+01,-1.972e+01,-2.574e+01,-2.247e+00
5.414e+02,-2.188e+01,-1.980e+01,-2.582e+01,-2.272e+00
5.439e+02,-2.180e+01,-1.988e+01,-2.590e+01,-2.297e+00
5.464e+02,-2.172e+01,-1.996e+01,-2.598e+01,-2.322e+00
5.489e+02,-2.165e+01,-2.004e+01,-2.606e+01,-2.348e+00
5.514e+02,-2.158e+01,-2.012e+01,-2.614e+01,-2.373e+00
5.539e+02,-2.153e+01,-2.020e+01,-2.622e+01,-2.398e+00
5.564e+02,-2.147e+01,-2.027e+01,-2.629e+01,-2.423e+00
5.589e+02,-2.143e+01,-2.035e+01,-2.637e+01,-2.448e+00
5.614e+02,-2.139e+01,-2.043e+01,-2.645e+01,-2.473e+00
5.639e+02,-2.136e+01,-2.051e+01,-2.653e+01,-2.498e+00
5.664e+02,-2.134e+01,-2.058e+01,-2.660e+01,-2.523e+00
5.689e+02,-2.132e+01,-2.066e+01,-2.668e+01,-2.548e+00
5.714e+02,-2.130e+01,-2.074e+01,-2.676e+01,-2.573e+00
5.739e+02,-2.130e+01,-2.081e+01,-2.683e+01,-2.598e+00
5.764e+02,-2.129e+01,-2.089e+01,-2.691e+01,-2.623e+00
5.789e+02,-2.130e+01,-2.096e+01,-2.698e+01,-2.648e+00
5.814e+02,-2.130e+01,-2.104e+01,-2.706e+01,-2.673e+00
5.839e+02,-2.132e+01,-2.111e+01,-2.713e+01,-2.698e+00
5.864e+02,-2.134e+01,-2.119e+01,-2.721e+01,-2.723e+00
5.889e+02,-2.136e+01,-2.126e+01,-2.728e+01,-2.748e+00
5.914e+02,-2.139e+01,-2.133e+01,-2.735e+01,-2.773e+00
5.939e+02,-2.142e+01,-2.141e+01,-2.743e+01,-2.798e+00
5.964e+02,-2.146e+01,-2.148e+01,-2.750e+01,-2.823e+00
5.989e+02,-2.151e+01,-2.155e+01,-2.757e+01,-2.848e+00
6.015e+02,-2.155e+01,-2.163e+01,-2.765e+01,-2.873e+00
6.040e+02,-2.161e+01,-2.170e+01,-2.772e+01,-2.898e+00
6.065e+02,-2.167e+01,-2.177e+01,-2.779e+01,-2.923e+00
6.090e+02,-2.173e+01,-2.184e+01,-2.786e+01,-2.948e+00
6.115e+02,-2.180e+01,-2.191e+01,-2.793e+01,-2.973e+00
6.140e+02,-2.187e+01,-2.198e+01,-2.800e+01,-2.998e+00
6.165e+02,-2.195e+01,-2.205e+01,-2.807e+01,-3.023e+00
6.190e+02,-2.203e+01,-2.212e+01,-2.814e+01,-3.048e+00
6.215e+02,-2.212e+01,-2.219e+01,-2.821e+01,-3.073e+00
6.240e+02,-2.221e+01,-2.226e+01,-2.828e+01,-3.098e+00
6.265e+02,-2.231e+01,-2.233e+01,-2.835e+01,-3.123e+00
6.290e+02,-2.241e+01,-2.240e+01,-2.842e+01,-3.148e+00
6.315e+02,-2.252e+01,-2.247e+01,-2.849e+01,-3.173e+00
6.340e+02,-2.263e+01,-2.254e+01,-2.856e+01,-3.198e+00
6.365e+02,-2.275e+01,-2.261e+01,-2.863e+01,-3.223e+00
6.390e+02,-2.287e+01,-2.268e+01,-2.870e+01,-3.248e+00
6.415e+02,-2.300e+01,-2.274e+01,-2.877e+01,-3.273e+00
6.440e+02,-2.314e+01,-2.281e+01,-2.883e+01,-3.298e+00
6.465e+02,-2.327e+01,-2.288e+01,-2.890e+01,-3.323e+00
6.490e+02,-2.342e+01,-2.295e+01,-2.897e+01,-3.348e+00
6.515e+02,-2.357e+01,-2.301e+01,-2.903e+01,-3.373e+00
6.540e+02,-2.373e+01,-2.308e+01,-2.910e+01,-3.398e+00
6.565e+02,-2.389e+01,-2.315e+01,-2.917e+01,-3.423e+00
6.590e+02,-2.406e+01,-2.321e+01,-2.923e+01,-3.448e+00
6.615e+02,-2.423e+01,-2.328e+01,-2.930e+01,-3.473e+00
6.640e+02,-2.441e+01,-2.334e+01,-2.936e+01,-3.498e+00
6.665e+02,-2.460e+01,-2.341e+01,-2.943e+01,-3.523e+00
6.690e+02,-2.479e+01,-2.347e+01,-2.950e+01,-3.548e+00
6.715e+02,-2.499e+01,-2.354e+01,-2.956e+01,-3.573e+00
6.740e+02,-2.520e+01,-2.360e+01,-2.962e+01,-3.598e+00
6.765e+02,-2.542e+01,-2.367e+01,-2.969e+01,-3.623e+00
6.790e+02,-2.564e+01,-2.373e+01,-2.975e+01,-3.648e+00
6.815e+02,-2.587e+01,-2.380e+01,-2.982e+01,-3.674e+00
6.840e+02,-2.611e+01,-2.386e+01,-2.988e+01,-3.699e+00
6.865e+02,-2.636e+01,-2.392e+01,-2.994e+01,-3.724e+00
6.890e+02,-2.662e+01,-2.399e+01,-3.001e+01,-3.749e+00
6.915e+02,-2.689e+01,-2.405e+01,-3.007e+01,-3.774e+00
6.940e+02,-2.716e+01,-2.411e+01,-3.013e+01,-3.799e+00
6.965e+02,-2.745e+01,-2.417e+01,-3.020e+01,-3.824e+00
6.990e+02,-2.775e+01,-2.424e+01,-3.026e+01,-3.849e+00
7.015e+02,-2.806e+01,-2.430e+01,-3.032e+01,-3.874e+00
7.040e+02,-2.838e+01,-2.436e+01,-3.038e+01,-3.899e+00
7.065e+02,-2.872e+01,-2.442e+01,-3.044e+01,-3.924e+00
7.090e+02,-2.907e+01,-2.448e+01,-3.050e+01,-3.949e+00
7.115e+02,-2.944e+01,-2.455e+01,-3.057e+01,-3.974e+00
7.140e+02,-2.982e+01,-2.461e+01,-3.063e+01,-3.999e+00
7.165e+02,-3.022e+01,-2.467e+01,-3.069e+01,-4.024e+00
7.190e+02,-3.064e+01,-2.473e+01,-3.075e+01,-4.049e+00
7.215e+02,-3.108e+01,-2.479e+01,-3.081e+01,-4.074e+00
7.240e+02,-3.154e+01,-2.485e+01,-3.087e+01,-4.099e+00
7.265e+02,-3.203e+01,-2.491e+01,-3.093e+01,-4.124e+00
7.290e+02,-3.254e+01,-2.497e+01,-3.099e+01,-4.149e+00
7.315e+02,-3.308e+01,-2.503e+01,-3.105e+01,-4.174e+00
7.341e+02,-3.366e+01,-2.509e+01,-3.111e+01,-4.199e+00
7.366e+02,-3.428e+01,-2.515e+01,-3.117e+01,-4.224e+00
7.391e+02,-3.494e+01,-2.520e+01,-3.123e+01,-4.249e+00
7.416e+02,-3.565e+01,-2.526e+01,-3.128e+01,-4.274e+00
7.441e+02,-3.642e+01,-2.532e+01,-3.134e+01,-4.299e+00
7.466e+02,-3.726e+01,-2.538e+01,-3.140e+01,-4.324e+00
7.491e+02,-3.818e+01,-2.544e+01,-3.146e+01,-4.349e+00
7.516e+02,-3.920e+01,-2.550e+01,-3.152e+01,-4.374e+00
7.541e+02,-4.035e+01,-2.555e+01,-3.157e+01,-4.399e+00
7.566e+02,-4.166e+01,-2.561e+01,-3.163e+01,-4.424e+00
7.591e+02,-4.319e+01,-2.567e+01,-3.169e+01,-4.449e+00
7.616e+02,-4.502e+01,-2.573e+01,-3.175e+01,-4.474e+00
7.641e+02,-4.733e+01,-2.578e+01,-3.180e+01,-4.499e+00
7.666e+02,-5.043e+01,-2.584e+01,-3.186e+01,-4.524e+00
7.691e+02,-5.522e+01,-2.590e+01,-3.192e+01,-4.549e+00
7.716e+02,-6.650e+01,-2.595e+01,-3.197e+01,-4.574e+00
7.741e+02,-6.225e+01,-2.601e+01,-3.203e+01,-1.458e+00
7.766e+02,-5.398e+01,-2.607e+01,-3.209e+01,-1.483e+00
7.791e+02,-4.986e+01,-2.612e+01,-3.214e+01,-1.508e+00
7.816e+02,-4.712e+01,-2.618e+01,-3.220e+01,-1.533e+00
7.841e+02,-4.506e+01,-2.623e+01,-3.225e+01,-1.558e+00
7.866e+02,-4.343e+01,-2.629e+01,-3.231e+01,-1.583e+00
7.891e+02,-4.207e+01,-2.634e+01,-3.236e+01,-1.608e+00
7.916e+02,-4.091e+01,-2.640e+01,-3.242e+01,-1.633e+00
7.941e+02,-3.991e+01,-2.645e+01,-3.247e+01,-1.658e+00
7.966e+02,-3.903e+01,-2.651e+01,-3.253e+01,-1.683e+00
7.991e+02,-3.824e+01,-2.656e+01,-3.258e+01,-1.708e+00
8.016e+02,-3.754e+01,-2.662e+01,-3.264e+01,-1.733e+00
8.041e+02,-3.689e+01,-2.667e+01,-3.269e+01,-1.758e+00
8.066e+02,-3.631e+01,-2.672e+01,-3.274e+01,-1.783e+00
8.091e+02,-3.577e+01,-2.678e+01,-3.280e+01,-1.808e+00
8.116e+02,-3.528e+01,-2.683e+01,-3.285e+01,-1.833e+00
8.141e+02,-3.482e+01,-2.688e+01,-3.291e+01,-1.858e+00
8.166e+02,-3.440e+01,-2.694e+01,-3.296e+01,-1.883e+00
8.191e+02,-3.400e+01,-2.699e+01,-3.301e+01,-1.908e+00
8.216e+02,-3.364e+01,-2.704e+01,-3.306e+01,-1.933e+00
8.241e+02,-3.329e+01,-2.710e+01,-3.312e+01,-1.958e+00
8.266e+02,-3.297e+01,-2.715e+01,-3.317e+01,-1.983e+00
8.291e+02,-3.267e+01,-2.720e+01,-3.322e+01,-2.008e+00
8.316e+02,-3.239e+01,-2.725e+01,-3.328e+01,-2.033e+00
8.341e+02,-3.213e+01,-2.731e+01,-3.333e+01,-2.058e+00
8.366e+02,-3.188e+01,-2.736e+01,-3.338e+01,-2.083e+00
8.391e+02,-3.164e+01,-2.741e+01,-3.343e+01,-2.108e+00
8.416e+02,-3.143e+01,-2.746e+01,-3.348e+01,-2.133e+00
8.441e+02,-3.122e+01,-2.751e+01,-3.353e+01,-2.158e+00
8.466e+02,-3.103e+01,-2.757e+01,-3.359e+01,-2.183e+00
8.491e+02,-3.084e+01,-2.762e+01,-3.364e+01,-2.208e+00
8.516e+02,-3.067e+01,-2.767e+01,-3.369e+01,-2.233e+00
8.541e+02,-3.051e+01,-2.772e+01,-3.374e+01,-2.258e+00
8.566e+02,-3.036e+01,-2.777e+01,-3.379e+01,-2.283e+00
8.591e+02,-3.022e+01,-2.782e+01,-3.384e+01,-2.308e+00
8.616e+02,-3.009e+01,-2.787e+01,-3.389e+01,-2.333e+00
8.641e+02,-2.997e+01,-2.792e+01,-3.394e+01,-2.358e+00
8.666e+02,-2.985e+01,-2.797e+01,-3.399e+01,-2.383e+00
8.692e+02,-2.975e+01,-2.802e+01,-3.404e+01,-2.408e+00
8.717e+02,-2.965e+01,-2.807e+01,-3.409e+01,-2.433e+00
8.742e+02,-2.956e+01,-2.812e+01,-3.414e+01,-2.458e+00
8.767e+02,-2.947e+01,-2.817e+01,-3.419e+01,-2.483e+00
8.792e+02,-2.940e+01,-2.822e+01,-3.424e+01,-2.508e+00
8.817e+02,-2.933e+01,-2.827e+01,-3.429e+01,-2.533e+00
8.842e+02,-2.926e+01,-2.832e+01,-3.434e+01,-2.558e+00
8.867e+02,-2.921e+01,-2.837e+01,-3.439e+01,-2.583e+00
8.892e+02,-2.916e+01,-2.842e+01,-3.444e+01,-2.608e+00
8.917e+02,-2.911e+01,-2.847e+01,-3.449e+01,-2.633e+00
8.942e+02,-2.907e+01,-2.851e+01,-3.453e+01,-2.659e+00
8.967e+02,-2.904e+01,-2.856e+01,-3.458e+01,-2.684e+00
8.992e+02,-2.902e+01,-2.861e+01,-3.463e+01,-2.709e+00
9.017e+02,-2.900e+01,-2.866e+01,-3.468e+01,-2.734e+00
9.042e+02,-2.898e+01,-2.871e+01,-3.473e+01,-2.759e+00
9.067e+02,-2.897e+01,-2.876e+01,-3.478e+01,-2.784e+00
9.092e+02,-2.897e+01,-2.880e+01,-3.482e+01,-2.809e+00
9.117e+02,-2.897e+01,-2.885e+01,-3.487e+01,-2.834e+00
9.142e+02,-2.898e+01,-2.890e+01,-3.492e+01,-2.859e+00
9.167e+02,-2.899e+01,-2.895e+01,-3.497e+01,-2.884e+00
9.192e+02,-2.901e+01,-2.899e+01,-3.501e+01,-2.909e+00
9.217e+02,-2.903e+01,-2.904e+01,-3.506e+01,-2.934e+00
9.242e+02,-2.906e+01,-2.909e+01,-3.511e+01,-2.959e+00
9.267e+02,-2.910e+01,-2.914e+01,-3.516e+01,-2.984e+00
9.292e+02,-2.913e+01,-2.918e+01,-3.520e+01,-3.009e+00
9.317e+02,-2.918e+01,-2.923e+01,-3.525e+01,-3.034e+00
9.342e+02,-2.923e+01,-2.928e+01,-3.530e+01,-3.059e+00
9.367e+02,-2.928e+01,-2.932e+01,-3.534e+01,-3.084e+00
9.392e+02,-2.934e+01,-2.937e+01,-3.539e+01,-3.109e+00
9.417e+02,-2.941e+01,-2.941e+01,-3.543e+01,-3.134e+00
9.442e+02,-2.948e+01,-2.946e+01,-3.548e+01,-3.159e+00
9.467e+02,-2.955e+01,-2.951e+01,-3.553e+01,-3.184e+00
9.492e+02,-2.963e+01,-2.955e+01,-3.557e+01,-3.209e+00
9.517e+02,-2.972e+01,-2.960e+01,-3.562e+01,-3.234e+00
9.542e+02,-2.981e+01,-2.964e+01,-3.566e+01,-3.259e+00
9.567e+02,-2.991e+01,-2.969e+01,-3.571e+01,-3.284e+00
9.592e+02,-3.001e+01,-2.973e+01,-3.575e+01,-3.309e+00
9.617e+02,-3.012e+01,-2.978e+01,-3.580e+01,-3.334e+00
9.642e+02,-3.023e+01,-2.982e+01,-3.585e+01,-3.359e+00
9.667e+02,-3.035e+01,-2.987e+01,-3.589e+01,-3.384e+00
9.692e+02,-3.048e+01,-2.991e+01,-3.594e+01,-3.409e+00
9.717e+02,-3.061e+01,-2.996e+01,-3.598e+01,-3.434e+00
9.742e+02,-3.075e+01,-3.000e+01,-3.602e+01,-3.459e+00
9.767e+02,-3.089e+01,-3.005e+01,-3.607e+01,-3.484e+00
9.792e+02,-3.104e+01,-3.009e+01,-3.611e+01,-3.509e+00
9.817e+02,-3.120e+01,-3.014e+01,-3.616e+01,-3.534e+00
9.842e+02,-3.136e+01,-3.018e+01,-3.620e+01,-3.559e+00
9.867e+02,-3.153e+01,-3.023e+01,-3.625e+01,-3.584e+00
9.892e+02,-3.171e+01,-3.027e+01,-3.629e+01,-3.609e+00
9.917e+02,-3.190e+01,-3.031e+01,-3.633e+01,-3.634e+00
9.942e+02,-3.209e+01,-3.036e+01,-3.638e+01,-3.659e+00
9.967e+02,-3.229e+01,-3.040e+01,-3.642e+01,-3.684e+00
9.992e+02,-3.250e+01,-3.044e+01,-3.647e+01,-3.709e+00
1.002e+03,-3.272e+01,-3.049e+01,-3.651e+01,-3.734e+00
1.004e+03,-3.294e+01,-3.053e+01,-3.655e+01,-3.759e+00
1.007e+03,-3.318e+01,-3.057e+01,-3.660e+01,-3.784e+00
1.009e+03,-3.342e+01,-3.062e+01,-3.664e+01,-3.809e+00
1.012e+03,-3.368e+01,-3.066e+01,-3.668e+01,-3.834e+00
1.014e+03,-3.395e+01,-3.070e+01,-3.672e+01,-3.859e+00
1.017e+03,-3.422e+01,-3.075e+01,-3.677e+01,-3.884e+00
1.019e+03,-3.451e+01,-3.079e+01,-3.681e+01,-3.909e+00
1.022e+03,-3.482e+01,-3.083e+01,-3.685e+01,-3.934e+00
1.024e+03,-3.513e+01,-3.087e+01,-3.689e+01,-3.959e+00
1.027e+03,-3.546e+01,-3.092e+01,-3.694e+01,-3.985e+00
1.029e+03,-3.581e+01,-3.096e+01,-3.698e+01,-4.010e+00
1.032e+03,-3.617e+01,-3.100e+01,-3.702e+01,-4.035e+00
1.034e+03,-3.655e+01,-3.104e+01,-3.706e+01,-4.060e+00
1.037e+03,-3.695e+01,-3.108e+01,-3.711e+01,-4.085e+00
1.039e+03,-3.736e+01,-3.113e+01,-3.715e+01,-4.110e+00
1.042e+03,-3.781e+01,-3.117e+01,-3.719e+01,-4.135e+00
1.044e+03,-3.827e+01,-3.121e+01,-3.723e+01,-4.160e+00
1.047e+03,-3.877e+01,-3.125e+01,-3.727e+01,-4.185e+00
1.049e+03,-3.929e+01,-3.129e+01,-3.731e+01,-4.210e+00
1.052e+03,-3.985e+01,-3.133e+01,-3.736e+01,-4.235e+00
1.054e+03,-4.044e+01,-3.138e+01,-3.740e+01,-4.260e+00
1.057e+03,-4.108e+01,-3.142e+01,-3.744e+01,-4.285e+00
1.059e+03,-4.177e+01,-3.146e+01,-3.748e+01,-4.310e+00
1.062e+03,-4.252e+01,-3.150e+01,-3.752e+01,-4.335e+00
1.064e+03,-4.334e+01,-3.154e+01,-3.756e+01,-4.360e+00
1.067e+03,-4.423e+01,-3.158e+01,-3.760e+01,-4.385e+00
1.069e+03,-4.523e+01,-3.162e+01,-3.764e+01,-4.410e+00
1.072e+03,-4.635e+01,-3.166e+01,-3.768e+01,-4.435e+00
1.074e+03,-4.764e+01,-3.170e+01,-3.772e+01,-4.460e+00
1.077e+03,-4.913e+01,-3.174e+01,-3.776e+01,-4.485e+00
1.079e+03,-5.093e+01,-3.178e+01,-3.780e+01,-4.510e+00
1.082e+03,-5.318e+01,-3.182e+01,-3.784e+01,-4.535e+00
1.084e+03,-5.620e+01,-3.186e+01,-3.788e+01,-4.560e+00
1.087e+03,-6.082e+01,-3.190e+01,-3.792e+01,-4.585e+00
1.089e+03,-7.119e+01,-3.194e+01,-3.796e+01,-4.610e+00
1.092e+03,-6.906e+01,-3.198e+01,-3.800e+01,-1.493e+00
1.094e+03,-6.022e+01,-3.202e+01,-3.804e+01,-1.518e+00
1.097e+03,-5.597e+01,-3.206e+01,-3.808e+01,-1.543e+00
1.099e+03,-5.315e+01,-3.210e+01,-3.812e+01,-1.568e+00
1.102e+03,-5.105e+01,-3.214e+01,-3.816e+01,-1.593e+00
1.104e+03,-4.938e+01,-3.218e+01,-3.820e+01,-1.619e+00
1.107e+03,-4.799e+01,-3.222e+01,-3.824e+01,-1.644e+00
1.109e+03,-4.681e+01,-3.226e+01,-3.828e+01,-1.669e+00
1.112e+03,-4.578e+01,-3.230e+01,-3.832e+01,-1.694e+00
1.114e+03,-4.488e+01,-3.234e+01,-3.836e+01,-1.719e+00
1.117e+03,-4.407e+01,-3.238e+01,-3.840e+01,-1.744e+00
1.119e+03,-4.335e+01,-3.242e+01,-3.844e+01,-1.769e+00
1.122e+03,-4.269e+01,-3.245e+01,-3.848e+01,-1.794e+00
1.124e+03,-4.208e+01,-3.249e+01,-3.851e+01,-1.819e+00
1.127e+03,-4.153e+01,-3.253e+01,-3.855e+01,-1.844e+00
1.129e+03,-4.102e+01,-3.257e+01,-3.859e+01,-1.869e+00
1.132e+03,-4.054e+01,-3.261e+01,-3.863e+01,-1.894e+00
1.134e+03,-4.010e+01,-3.265e+01,-3.867e+01,-1.919e+00
1.137e+03,-3.969e+01,-3.269e+01,-3.871e+01,-1.944e+00
1.139e+03,-3.931e+01,-3.272e+01,-3.874e+01,-1.969e+00
1.142e+03,-3.895e+01,-3.276e+01,-3.878e+01,-1.994e+00
1.144e+03,-3.862e+01,-3.280e+01,-3.882e+01,-2.019e+00
1.147e+03,-3.830e+01,-3.284e+01,-3.886e+01,-2.044e+00
1.149e+03,-3.800e+01,-3.288e+01,-3.890e+01,-2.069e+00
1.152e+03,-3.772e+01,-3.291e+01,-3.893e+01,-2.094e+00
1.154e+03,-3.746e+01,-3.295e+01,-3.897e+01,-2.119e+00
1.157e+03,-3.721e+01,-3.299e+01,-3.901e+01,-2.144e+00
1.159e+03,-3.698e+01,-3.303e+01,-3.905e+01,-2.169e+00
1.162e+03,-3.676e+01,-3.306e+01,-3.908e+01,-2.194e+00
1.164e+03,-3.655e+01,-3.310e+01,-3.912e+01,-2.219e+00
1.167e+03,-3.636e+01,-3.314e+01,-3.916e+01,-2.244e+00
1.169e+03,-3.617e+01,-3.318e+01,-3.920e+01,-2.269e+00
1.172e+03,-3.600e+01,-3.321e+01,-3.923e+01,-2.294e+00
1.174e+03,-3.583e+01,-3.325e+01,-3.927e+01,-2.319e+00
1.177e+03,-3.568e+01,-3.329e+01,-3.931e+01,-2.344e+00
1.179e+03,-3.553e+01,-3.332e+01,-3.934e+01,-2.369e+00
1.182e+03,-3.540e+01,-3.336e+01,-3.938e+01,-2.394e+00
1.184e+03,-3.527e+01,-3.340e+01,-3.942e+01,-2.419e+00
1.187e+03,-3.515e+01,-3.343e+01,-3.945e+01,-2.444e+00
1.189e+03,-3.504e+01,-3.347e+01,-3.949e+01,-2.469e+00
1.192e+03,-3.494e+01,-3.351e+01,-3.953e+01,-2.494e+00
1.194e+03,-3.484e+01,-3.354e+01,-3.956e+01,-2.519e+00
1.197e+03,-3.475e+01,-3.358e+01,-3.960e+01,-2.544e+00
1.199e+03,-3.467e+01,-3.362e+01,-3.964e+01,-2.569e+00
1.202e+03,-3.459e+01,-3.365e+01,-3.967e+01,-2.594e+00
1.204e+03,-3.453e+01,-3.369e+01,-3.971e+01,-2.619e+00
1.207e+03,-3.446e+01,-3.372e+01,-3.975e+01,-2.644e+00
1.209e+03,-3.441e+01,-3.376e+01,-3.978e+01,-2.669e+00
1.212e+03,-3.436e+01,-3.380e+01,-3.982e+01,-2.694e+00
1.214e+03,-3.432e+01,-3.383e+01,-3.985e+01,-2.719e+00
1.217e+03,-3.428e+01,-3.387e+01,-3.989e+01,-2.744e+00
1.219e+03,-3.425e+01,-3.390e+01,-3.992e+01,-2.769e+00
1.222e+03,-3.422e+01,-3.394e+01,-3.996e+01,-2.794e+00
1.224e+03,-3.420e+01,-3.397e+01,-4.000e+01,-2.819e+00
1.227e+03,-3.419e+01,-3.401e+01,-4.003e+01,-2.844e+00
1.229e+03,-3.418e+01,-3.405e+01,-4.007e+01,-2.869e+00
1.232e+03,-3.417e+01,-3.408e+01,-4.010e+01,-2.894e+00
1.234e+03,-3.417e+01,-3.412e+01,-4.014e+01,-2.919e+00
1.237e+03,-3.418e+01,-3.415e+01,-4.017e+01,-2.944e+00
1.239e+03,-3.419e+01,-3.419e+01,-4.021e+01,-2.970e+00
1.242e+03,-3.421e+01,-3.422e+01,-4.024e+01,-2.995e+00
1.244e+03,-3.424e+01,-3.426e+01,-4.028e+01,-3.020e+00
1.247e+03,-3.426e+01,-3.429e+01,-4.031e+01,-3.045e+00
1.249e+03,-3.430e+01,-3.433e+01,-4.035e+01,-3.070e+00
1.252e+03,-3.434e+01,-3.436e+01,-4.038e+01,-3.095e+00
1.254e+03,-3.438e+01,-3.440e+01,-4.042e+01,-3.120e+00
1.257e+03,-3.443e+01,-3.443e+01,-4.045e+01,-3.145e+00
1.259e+03,-3.449e+01,-3.446e+01,-4.049e+01,-3.170e+00
1.262e+03,-3.455e+01,-3.450e+01,-4.052e+01,-3.195e+00
1.264e+03,-3.461e+01,-3.453e+01,-4.055e+01,-3.220e+00
1.267e+03,-3.469e+01,-3.457e+01,-4.059e+01,-3.245e+00
1.269e+03,-3.476e+01,-3.460e+01,-4.062e+01,-3.270e+00
1.272e+03,-3.484e+01,-3.464e+01,-4.066e+01,-3.295e+00
1.274e+03,-3.493e+01,-3.467e+01,-4.069e+01,-3.320e+00
1.277e+03,-3.503e+01,-3.470e+01,-4.073e+01,-3.345e+00
1.279e+03,-3.513e+01,-3.474e+01,-4.076e+01,-3.370e+00
1.282e+03,-3.523e+01,-3.477e+01,-4.079e+01,-3.395e+00
1.284e+03,-3.534e+01,-3.481e+01,-4.083e+01,-3.420e+00
1.287e+03,-3.546e+01,-3.484e+01,-4.086e+01,-3.445e+00
1.289e+03,-3.558e+01,-3.487e+01,-4.089e+01,-3.470e+00
1.292e+03,-3.571e+01,-3.491e+01,-4.093e+01,-3.495e+00
1.294e+03,-3.585e+01,-3.494e+01,-4.096e+01,-3.520e+00
1.297e+03,-3.599e+01,-3.497e+01,-4.100e+01,-3.545e+00
1.299e+03,-3.614e+01,-3.501e+01,-4.103e+01,-3.570e+00
1.302e+03,-3.630e+01,-3.504e+01,-4.106e+01,-3.595e+00
1.304e+03,-3.646e+01,-3.508e+01,-4.110e+01,-3.620e+00
1.307e+03,-3.663e+01,-3.511e+01,-4.113e+01,-3.645e+00
1.309e+03,-3.681e+01,-3.514e+01,-4.116e+01,-3.670e+00
1.312e+03,-3.700e+01,-3.517e+01,-4.120e+01,-3.695e+00
1.314e+03,-3.719e+01,-3.521e+01,-4.123e+01,-3.720e+00
1.317e+03,-3.740e+01,-3.524e+01,-4.126e+01,-3.745e+00
1.319e+03,-3.761e+01,-3.527e+01,-4.129e+01,-3.770e+00
1.322e+03,-3.783e+01,-3.531e+01,-4.133e+01,-3.795e+00
1.324e+03,-3.806e+01,-3.534e+01,-4.136e+01,-3.820e+00
1.327e+03,-3.830e+01,-3.537e+01,-4.139e+01,-3.845e+00
1.329e+03,-3.855e+01,-3.541e+01,-4.143e+01,-3.870e+00
1.332e+03,-3.882e+01,-3.544e+01,-4.146e+01,-3.895e+00
1.335e+03,-3.909e+01,-3.547e+01,-4.149e+01,-3.920e+00
1.337e+03,-3.938e+01,-3.550e+01,-4.152e+01,-3.945e+00
1.340e+03,-3.968e+01,-3.554e+01,-4.156e+01,-3.970e+00
1.342e+03,-3.999e+01,-3.557e+01,-4.159e+01,-3.995e+00
1.345e+03,-4.032e+01,-3.560e+01,-4.162e+01,-4.020e+00
1.347e+03,-4.066e+01,-3.563e+01,-4.165e+01,-4.045e+00
1.350e+03,-4.102e+01,-3.566e+01,-4.169e+01,-4.070e+00
1.352e+03,-4.141e+01,-3.570e+01,-4.172e+01,-4.095e+00
1.355e+03,-4.181e+01,-3.573e+01,-4.175e+01,-4.120e+00
1.357e+03,-4.223e+01,-3.576e+01,-4.178e+01,-4.145e+00
1.360e+03,-4.267e+01,-3.579e+01,-4.181e+01,-4.170e+00
1.362e+03,-4.315e+01,-3.582e+01,-4.185e+01,-4.195e+00
1.365e+03,-4.365e+01,-3.586e+01,-4.188e+01,-4.220e+00
1.367e+03,-4.418e+01,-3.589e+01,-4.191e+01,-4.245e+00
1.370e+03,-4.475e+01,-3.592e+01,-4.194e+01,-4.270e+00
1.372e+03,-4.537e+01,-3.595e+01,-4.197e+01,-4.296e+00
1.375e+03,-4.603e+01,-3.598e+01,-4.200e+01,-4.321e+00
1.377e+03,-4.674e+01,-3.602e+01,-4.204e+01,-4.346e+00
1.380e+03,-4.752e+01,-3.605e+01,-4.207e+01,-4.371e+00
1.382e+03,-4.837e+01,-3.608e+01,-4.210e+01,-4.396e+00
1.385e+03,-4.932e+01,-3.611e+01,-4.213e+01,-4.421e+00
1.387e+03,-5.038e+01,-3.614e+01,-4.216e+01,-4.446e+00
1.390e+03,-5.159e+01,-3.617e+01,-4.219e+01,-4.471e+00
1.392e+03,-5.298e+01,-3.620e+01,-4.222e+01,-4.496e+00
1.395e+03,-5.464e+01,-3.623e+01,-4.226e+01,-4.521e+00
1.397e+03,-5.668e+01,-3.627e+01,-4.229e+01,-4.546e+00
1.400e+03,-5.934e+01,-3.630e+01,-4.232e+01,-4.571e+00
1.402e+03,-6.316e+01,-3.633e+01,-4.235e+01,-4.596e+00
1.405e+03,-7.008e+01,-3.636e+01,-4.238e+01,-4.621e+00
1.407e+03,-8.363e+01,-3.639e+01,-4.241e+01,-1.504e+00
1.410e+03,-6.708e+01,-3.642e+01,-4.244e+01,-1.529e+00
1.412e+03,-6.177e+01,-3.645e+01,-4.247e+01,-1.554e+00
1.415e+03,-5.852e+01,-3.648e+01,-4.250e+01,-1.579e+00
1.417e+03,-5.617e+01,-3.651e+01,-4.253e+01,-1.604e+00
1.420e+03,-5.435e+01,-3.654e+01,-4.256e+01,-1.629e+00
1.422e+03,-5.285e+01,-3.657e+01,-4.259e+01,-1.654e+00
1.425e+03,-5.159e+01,-3.660e+01,-4.263e+01,-1.679e+00
1.427e+03,-5.050e+01,-3.664e+01,-4.266e+01,-1.704e+00
1.430e+03,-4.955e+01,-3.667e+01,-4.269e+01,-1.729e+00
1.432e+03,-4.870e+01,-3.670e+01,-4.272e+01,-1.754e+00
1.435e+03,-4.793e+01,-3.673e+01,-4.275e+01,-1.779e+00
1.437e+03,-4.724e+01,-3.676e+01,-4.278e+01,-1.804e+00
1.440e+03,-4.661e+01,-3.679e+01,-4.281e+01,-1.829e+00
1.442e+03,-4.602e+01,-3.682e+01,-4.284e+01,-1.854e+00
1.445e+03,-4.549e+01,-3.685e+01,-4.287e+01,-1.879e+00
1.447e+03,-4.499e+01,-3.688e+01,-4.290e+01,-1.904e+00
1.450e+03,-4.453e+01,-3.691e+01,-4.293e+01,-1.929e+00
1.452e+03,-4.410e+01,-3.694e+01,-4.296e+01,-1.955e+00
1.455e+03,-4.370e+01,-3.697e+01,-4.299e+01,-1.980e+00
1.457e+03,-4.333e+01,-3.700e+01,-4.302e+01,-2.005e+00
1.460e+03,-4.297e+01,-3.703e+01,-4.305e+01,-2.030e+00
1.462e+03,-4.264e+01,-3.706e+01,-4.308e+01,-2.055e+00
1.465e+03,-4.233e+01,-3.709e+01,-4.311e+01,-2.080e+00
1.467e+03,-4.204e+01,-3.712e+01,-4.314e+01,-2.105e+00
1.470e+03,-4.176e+01,-3.715e+01,-4.317e+01,-2.130e+00
1.472e+03,-4.150e+01,-3.718e+01,-4.320e+01,-2.155e+00
1.475e+03,-4.125e+01,-3.720e+01,-4.323e+01,-2.180e+00
1.477e+03,-4.102e+01,-3.723e+01,-4.325e+01,-2.205e+00
1.480e+03,-4.080e+01,-3.726e+01,-4.328e+01,-2.230e+00
1.482e+03,-4.059e+01,-3.729e+01,-4.331e+01,-2.255e+00
1.485e+03,-4.039e+01,-3.732e+01,-4.334e+01,-2.280e+00
1.487e+03,-4.021e+01,-3.735e+01,-4.337e+01,-2.305e+00
1.490e+03,-4.003e+01,-3.738e+01,-4.340e+01,-2.330e+00
1.492e+03,-3.987e+01,-3.741e+01,-4.343e+01,-2.355e+00
1.495e+03,-3.971e+01,-3.744e+01,-4.346e+01,-2.380e+00
1.497e+03,-3.956e+01,-3.747e+01,-4.349e+01,-2.405e+00
1.500e+03,-3.943e+01,-3.750e+01,-4.352e+01,-2.430e+00
1.502e+03,-3.930e+01,-3.753e+01,-4.355e+01,-2.455e+00
1.505e+03,-3.918e+01,-3.755e+01,-4.358e+01,-2.480e+00
1.507e+03,-3.906e+01,-3.758e+01,-4.360e+01,-2.505e+00
1.510e+03,-3.896e+01,-3.761e+01,-4.363e+01,-2.530e+00
1.512e+03,-3.886e+01,-3.764e+01,-4.366e+01,-2.555e+00
1.515e+03,-3.876e+01,-3.767e+01,-4.369e+01,-2.580e+00
1.517e+03,-3.868e+01,-3.770e+01,-4.372e+01,-2.605e+00
1.520e+03,-3.860e+01,-3.773e+01,-4.375e+01,-2.630e+00
1.522e+03,-3.853e+01,-3.776e+01,-4.378e+01,-2.655e+00
1.525e+03,-3.847e+01,-3.778e+01,-4.380e+01,-2.680e+00
1.527e+03,-3.841e+01,-3.781e+01,-4.383e+01,-2.705e+00
1.530e+03,-3.835e+01,-3.784e+01,-4.386e+01,-2.730e+00
1.532e+03,-3.831e+01,-3.787e+01,-4.389e+01,-2.755e+00
1.535e+03,-3.827e+01,-3.790e+01,-4.392e+01,-2.780e+00
1.537e+03,-3.823e+01,-3.793e+01,-4.395e+01,-2.805e+00
1.540e+03,-3.820e+01,-3.795e+01,-4.398e+01,-2.830e+00
1.542e+03,-3.818e+01,-3.798e+01,-4.400e+01,-2.855e+00
1.545e+03,-3.816e+01,-3.801e+01,-4.403e+01,-2.880e+00
1.547e+03,-3.815e+01,-3.804e+01,-4.406e+01,-2.905e+00
1.550e+03,-3.814e+01,-3.807e+01,-4.409e+01,-2.930e+00
1.552e+03,-3.814e+01,-3.810e+01,-4.412e+01,-2.955e+00
1.555e+03,-3.815e+01,-3.812e+01,-4.414e+01,-2.980e+00
1.557e+03,-3.816e+01,-3.815e+01,-4.417e+01,-3.005e+00
1.560e+03,-3.817e+01,-3.818e+01,-4.420e+01,-3.030e+00
1.562e+03,-3.819e+01,-3.821e+01,-4.423e+01,-3.055e+00
1.565e+03,-3.822e+01,-3.823e+01,-4.426e+01,-3.080e+00
1.567e+03,-3.825e+01,-3.826e+01,-4.428e+01,-3.105e+00
1.570e+03,-3.828e+01,-3.829e+01,-4.431e+01,-3.130e+00
1.572e+03,-3.833e+01,-3.832e+01,-4.434e+01,-3.155e+00
1.575e+03,-3.837e+01,-3.835e+01,-4.437e+01,-3.180e+00
1.577e+03,-3.843e+01,-3.837e+01,-4.439e+01,-3.205e+00
1.580e+03,-3.848e+01,-3.840e+01,-4.442e+01,-3.230e+00
1.582e+03,-3.855e+01,-3.843e+01,-4.445e+01,-3.255e+00
1.585e+03,-3.862e+01,-3.846e+01,-4.448e+01,-3.281e+00
1.587e+03,-3.869e+01,-3.848e+01,-4.450e+01,-3.306e+00
1.590e+03,-3.877e+01,-3.851e+01,-4.453e+01,-3.331e+00
1.592e+03,-3.886e+01,-3.854e+01,-4.456e+01,-3.356e+00
1.595e+03,-3.895e+01,-3.856e+01,-4.459e+01,-3.381e+00
1.597e+03,-3.905e+01,-3.859e+01,-4.461e+01,-3.406e+00
1.600e+03,-3.915e+01,-3.862e+01,-4.464e+01,-3.431e+00
1.602e+03,-3.926e+01,-3.865e+01,-4.467e+01,-3.456e+00
1.605e+03,-3.938e+01,-3.867e+01,-4.469e+01,-3.481e+00
1.607e+03,-3.950e+01,-3.870e+01,-4.472e+01,-3.506e+00
1.610e+03,-3.963e+01,-3.873e+01,-4.475e+01,-3.531e+00
1.612e+03,-3.976e+01,-3.875e+01,-4.478e+01,-3.556e+00
1.615e+03,-3.990e+01,-3.878e+01,-4.480e+01,-3.581e+00
1.617e+03,-4.005e+01,-3.881e+01,-4.483e+01,-3.606e+00
1.620e+03,-4.021e+01,-3.884e+01,-4.486e+01,-3.631e+00
1.622e+03,-4.037e+01,-3.886e+01,-4.488e+01,-3.656e+00
1.625e+03,-4.054e+01,-3.889e+01,-4.491e+01,-3.681e+00
1.627e+03,-4.072e+01,-3.892e+01,-4.494e+01,-3.706e+00
1.630e+03,-4.091e+01,-3.894e+01,-4.496e+01,-3.731e+00
1.632e+03,-4.111e+01,-3.897e+01,-4.499e+01,-3.756e+00
1.635e+03,-4.131e+01,-3.900e+01,-4.502e+01,-3.781e+00
1.637e+03,-4.152e+01,-3.902e+01,-4.504e+01,-3.806e+00
1.640e+03,-4.175e+01,-3.905e+01,-4.507e+01,-3.831e+00
1.642e+03,-4.198e+01,-3.907e+01,-4.510e+01,-3.856e+00
1.645e+03,-4.223e+01,-3.910e+01,-4.512e+01,-3.881e+00
1.647e+03,-4.248e+01,-3.913e+01,-4.515e+01,-3.906e+00
1.650e+03,-4.275e+01,-3.915e+01,-4.517e+01,-3.931e+00
1.652e+03,-4.303e+01,-3.918e+01,-4.520e+01,-3.956e+00
1.655e+03,-4.332e+01,-3.921e+01,-4.523e+01,-3.981e+00
1.657e+03,-4.362e+01,-3.923e+01,-4.525e+01,-4.006e+00
1.660e+03,-4.395e+01,-3.926e+01,-4.528e+01,-4.031e+00
1.662e+03,-4.428e+01,-3.929e+01,-4.531e+01,-4.056e+00
1.665e+03,-4.464e+01,-3.931e+01,-4.533e+01,-4.081e+00
1.667e+03,-4.501e+01,-3.934e+01,-4.536e+01,-4.106e+00
1.670e+03,-4.540e+01,-3.936e+01,-4.538e+01,-4.131e+00
1.672e+03,-4.582e+01,-3.939e+01,-4.541e+01,-4.156e+00
1.675e+03,-4.625e+01,-3.942e+01,-4.544e+01,-4.181e+00
1.677e+03,-4.672e+01,-3.944e+01,-4.546e+01,-4.206e+00
1.680e+03,-4.721e+01,-3.947e+01,-4.549e+01,-4.231e+00
1.682e+03,-4.774e+01,-3.949e+01,-4.551e+01,-4.256e+00
1.685e+03,-4.830e+01,-3.952e+01,-4.554e+01,-4.281e+00
1.687e+03,-4.890e+01,-3.954e+01,-4.557e+01,-4.306e+00
1.690e+03,-4.955e+01,-3.957e+01,-4.559e+01,-4.331e+00
1.692e+03,-5.025e+01,-3.960e+01,-4.562e+01,-4.356e+00
1.695e+03,-5.102e+01,-3.962e+01,-4.564e+01,-4.381e+00
1.697e+03,-5.186e+01,-3.965e+01,-4.567e+01,-4.406e+00
1.700e+03,-5.279e+01,-3.967e+01,-4.569e+01,-4.431e+00
1.702e+03,-5.384e+01,-3.970e+01,-4.572e+01,-4.456e+00
1.705e+03,-5.502e+01,-3.972e+01,-4.574e+01,-4.481e+00
1.707e+03,-5.639e+01,-3.975e+01,-4.577e+01,-4.506e+00
1.710e+03,-5.802e+01,-3.978e+01,-4.580e+01,-4.531e+00
1.712e+03,-6.001e+01,-3.980e+01,-4.582e+01,-4.556e+00
1.715e+03,-6.259e+01,-3.983e+01,-4.585e+01,-4.581e+00
1.717e+03,-6.627e+01,-3.985e+01,-4.587e+01,-4.607e+00
1.720e+03,-7.271e+01,-3.988e+01,-4.590e+01,-4.632e+00
1.722e+03,-9.322e+01,-3.990e+01,-4.592e+01,-1.515e+00
1.725e+03,-7.126e+01,-3.993e+01,-4.595e+01,-1.540e+00
1.727e+03,-6.562e+01,-3.995e+01,-4.597e+01,-1.565e+00
1.730e+03,-6.225e+01,-3.998e+01,-4.600e+01,-1.590e+00
1.732e+03,-5.984e+01,-4.000e+01,-4.602e+01,-1.615e+00
1.735e+03,-5.797e+01,-4.003e+01,-4.605e+01,-1.640e+00
1.737e+03,-5.645e+01,-4.005e+01,-4.607e+01,-1.665e+00
1.740e+03,-5.516e+01,-4.008e+01,-4.610e+01,-1.690e+00
1.742e+03,-5.406e+01,-4.010e+01,-4.612e+01,-1.715e+00
1.745e+03,-5.308e+01,-4.013e+01,-4.615e+01,-1.740e+00
1.747e+03,-5.222e+01,-4.015e+01,-4.617e+01,-1.765e+00
1.750e+03,-5.144e+01,-4.018e+01,-4.620e+01,-1.790e+00
1.752e+03,-5.074e+01,-4.020e+01,-4.622e+01,-1.815e+00
1.755e+03,-5.009e+01,-4.023e+01,-4.625e+01,-1.840e+00
1.757e+03,-4.950e+01,-4.025e+01,-4.627e+01,-1.865e+00
1.760e+03,-4.896e+01,-4.028e+01,-4.630e+01,-1.890e+00
1.762e+03,-4.846e+01,-4.030e+01,-4.632e+01,-1.915e+00
1.765e+03,-4.799e+01,-4.033e+01,-4.635e+01,-1.940e+00
1.767e+03,-4.755e+01,-4.035e+01,-4.637e+01,-1.965e+00
1.770e+03,-4.714e+01,-4.037e+01,-4.640e+01,-1.990e+00
1.772e+03,-4.676e+01,-4.040e+01,-4.642e+01,-2.015e+00
1.775e+03,-4.640e+01,-4.042e+01,-4.644e+01,-2.040e+00
1.777e+03,-4.606e+01,-4.045e+01,-4.647e+01,-2.065e+00
1.780e+03,-4.574e+01,-4.047e+01,-4.649e+01,-2.090e+00
1.782e+03,-4.544e+01,-4.050e+01,-4.652e+01,-2.115e+00
1.785e+03,-4.516e+01,-4.052e+01,-4.654e+01,-2.140e+00
1.787e+03,-4.489e+01,-4.055e+01,-4.657e+01,-2.165e+00
1.790e+03,-4.464e+01,-4.057e+01,-4.659e+01,-2.190e+00
1.792e+03,-4.440e+01,-4.059e+01,-4.662e+01,-2.215e+00
1.795e+03,-4.417e+01,-4.062e+01,-4.664e+01,-2.240e+00
1.797e+03,-4.396e+01,-4.064e+01,-4.666e+01,-2.266e+00
1.800e+03,-4.375e+01,-4.067e+01,-4.669e+01,-2.291e+00
1.802e+03,-4.356e+01,-4.069e+01,-4.671e+01,-2.316e+00
1.805e+03,-4.338e+01,-4.072e+01,-4.674e+01,-2.341e+00
1.807e+03,-4.321e+01,-4.074e+01,-4.676e+01,-2.366e+00
1.810e+03,-4.305e+01,-4.076e+01,-4.678e+01,-2.391e+00
1.812e+03,-4.290e+01,-4.079e+01,-4.681e+01,-2.416e+00
1.815e+03,-4.275e+01,-4.081e+01,-4.683e+01,-2.441e+00
1.817e+03,-4.262e+01,-4.084e+01,-4.686e+01,-2.466e+00
1.820e+03,-4.249e+01,-4.086e+01,-4.688e+01,-2.491e+00
1.822e+03,-4.237e+01,-4.088e+01,-4.690e+01,-2.516e+00
1.825e+03,-4.226e+01,-4.091e+01,-4.693e+01,-2.541e+00
1.827e+03,-4.215e+01,-4.093e+01,-4.695e+01,-2.566e+00
1.830e+03,-4.206e+01,-4.095e+01,-4.698e+01,-2.591e+00
1.832e+03,-4.197e+01,-4.098e+01,-4.700e+01,-2.616e+00
1.835e+03,-4.188e+01,-4.100e+01,-4.702e+01,-2.641e+00
1.837e+03,-4.181e+01,-4.103e+01,-4.705e+01,-2.666e+00
1.840e+03,-4.174e+01,-4.105e+01,-4.707e+01,-2.691e+00
1.842e+03,-4.167e+01,-4.107e+01,-4.709e+01,-2.716e+00
1.845e+03,-4.162e+01,-4.110e+01,-4.712e+01,-2.741e+00
1.847e+03,-4.156e+01,-4.112e+01,-4.714e+01,-2.766e+00
1.850e+03,-4.152e+01,-4.114e+01,-4.716e+01,-2.791e+00
1.852e+03,-4.148e+01,-4.117e+01,-4.719e+01,-2.816e+00
1.855e+03,-4.144e+01,-4.119e+01,-4.721e+01,-2.841e+00
1.857e+03,-4.142e+01,-4.121e+01,-4.723e+01,-2.866e+00
1.860e+03,-4.139e+01,-4.124e+01,-4.726e+01,-2.891e+00
1.862e+03,-4.138e+01,-4.126e+01,-4.728e+01,-2.916e+00
1.865e+03,-4.137e+01,-4.128e+01,-4.730e+01,-2.941e+00
1.867e+03,-4.136e+01,-4.131e+01,-4.733e+01,-2.966e+00
1.870e+03,-4.136e+01,-4.133e+01,-4.735e+01,-2.991e+00
1.872e+03,-4.136e+01,-4.135e+01,-4.737e+01,-3.016e+00
1.875e+03,-4.137e+01,-4.138e+01,-4.740e+01,-3.041e+00
1.877e+03,-4.139e+01,-4.140e+01,-4.742e+01,-3.066e+00
1.880e+03,-4.141e+01,-4.142e+01,-4.744e+01,-3.091e+00
1.882e+03,-4.144e+01,-4.145e+01,-4.747e+01,-3.116e+00
1.885e+03,-4.147e+01,-4.147e+01,-4.749e+01,-3.141e+00
1.887e+03,-4.151e+01,-4.149e+01,-4.751e+01,-3.166e+00
1.890e+03,-4.155e+01,-4.152e+01,-4.754e+01,-3.191e+00
1.892e+03,-4.160e+01,-4.154e+01,-4.756e+01,-3.216e+00
1.895e+03,-4.165e+01,-4.156e+01,-4.758e+01,-3.241e+00
1.897e+03,-4.171e+01,-4.158e+01,-4.760e+01,-3.266e+00
1.900e+03,-4.177e+01,-4.161e+01,-4.763e+01,-3.291e+00
1.902e+03,-4.184e+01,-4.163e+01,-4.765e+01,-3.316e+00
1.905e+03,-4.192e+01,-4.165e+01,-4.767e+01,-3.341e+00
1.907e+03,-4.200e+01,-4.168e+01,-4.770e+01,-3.366e+00
1.910e+03,-4.209e+01,-4.170e+01,-4.772e+01,-3.391e+00
1.912e+03,-4.218e+01,-4.172e+01,-4.774e+01,-3.416e+00
1.915e+03,-4.228e+01,-4.174e+01,-4.776e+01,-3.441e+00
1.917e+03,-4.239e+01,-4.177e+01,-4.779e+01,-3.466e+00
1.920e+03,-4.250e+01,-4.179e+01,-4.781e+01,-3.491e+00
1.922e+03,-4.262e+01,-4.181e+01,-4.783e+01,-3.516e+00
1.925e+03,-4.274e+01,-4.183e+01,-4.785e+01,-3.541e+00
1.927e+03,-4.287e+01,-4.186e+01,-4.788e+01,-3.566e+00
1.930e+03,-4.301e+01,-4.188e+01,-4.790e+01,-3.592e+00
1.932e+03,-4.315e+01,-4.190e+01,-4.792e+01,-3.617e+00
1.935e+03,-4.331e+01,-4.192e+01,-4.794e+01,-3.642e+00
1.937e+03,-4.347e+01,-4.195e+01,-4.797e+01,-3.667e+00
1.940e+03,-4.363e+01,-4.197e+01,-4.799e+01,-3.692e+00
1.942e+03,-4.381e+01,-4.199e+01,-4.801e+01,-3.717e+00
1.945e+03,-4.399e+01,-4.201e+01,-4.803e+01,-3.742e+00
1.947e+03,-4.418e+01,-4.204e+01,-4.806e+01,-3.767e+00
1.950e+03,-4.439e+01,-4.206e+01,-4.808e+01,-3.792e+00
1.952e+03,-4.460e+01,-4.208e+01,-4.810e+01,-3.817e+00
1.955e+03,-4.482e+01,-4.210e+01,-4.812e+01,-3.842e+00
1.957e+03,-4.504e+01,-4.213e+01,-4.815e+01,-3.867e+00
1.960e+03,-4.529e+01,-4.215e+01,-4.817e+01,-3.892e+00
1.962e+03,-4.554e+01,-4.217e+01,-4.819e+01,-3.917e+00
1.965e+03,-4.580e+01,-4.219e+01,-4.821e+01,-3.942e+00
1.967e+03,-4.608e+01,-4.221e+01,-4.823e+01,-3.967e+00
1.970e+03,-4.636e+01,-4.224e+01,-4.826e+01,-3.992e+00
1.972e+03,-4.667e+01,-4.226e+01,-4.828e+01,-4.017e+00
1.975e+03,-4.699e+01,-4.228e+01,-4.830e+01,-4.042e+00
1.977e+03,-4.732e+01,-4.230e+01,-4.832e+01,-4.067e+00
1.980e+03,-4.767e+01,-4.232e+01,-4.834e+01,-4.092e+00
1.982e+03,-4.804e+01,-4.235e+01,-4.837e+01,-4.117e+00
1.985e+03,-4.843e+01,-4.237e+01,-4.839e+01,-4.142e+00
1.987e+03,-4.884e+01,-4.239e+01,-4.841e+01,-4.167e+00
1.990e+03,-4.928e+01,-4.241e+01,-4.843e+01,-4.192e+00
1.992e+03,-4.974e+01,-4.243e+01,-4.845e+01,-4.217e+00
1.995e+03,-5.023e+01,-4.246e+01,-4.848e+01,-4.242e+00
1.997e+03,-5.075e+01,-4.248e+01,-4.850e+01,-4.267e+00
2.000e+03,-5.131e+01,-4.250e+01,-4.852e+01,-4.292e+00
