w,A_C,A_D,N_D
0.000e+00,1.000e+00,1.000e+00,1.005e+00
4.543e-03,1.000e+00,1.000e+00,1.005e+00
9.087e-03,1.000e+00,1.000e+00,1.005e+00
1.363e-02,1.000e+00,1.000e+00,1.005e+00
1.817e-02,1.000e+00,1.000e+00,1.005e+00
2.272e-02,1.000e+00,1.000e+00,1.005e+00
2.726e-02,1.000e+00,1.000e+00,1.005e+00
3.180e-02,1.000e+00,1.000e+00,1.005e+00
3.635e-02,1.000e+00,1.000e+00,1.005e+00
4.089e-02,1.000e+00,1.000e+00,1.005e+00
4.543e-02,1.000e+00,1.000e+00,1.005e+00
4.998e-02,1.000e+00,1.000e+00,1.005e+00
5.452e-02,1.000e+00,1.000e+00,1.005e+00
5.906e-02,1.000e+00,1.000e+00,1.005e+00
6.361e-02,1.000e+00,1.000e+00,1.005e+00
6.815e-02,1.000e+00,1.000e+00,1.005e+00
7.269e-02,1.000e+00,1.000e+00,1.005e+00
7.724e-02,1.000e+00,1.000e+00,1.005e+00
8.178e-02,1.000e+00,1.000e+00,1.005e+00
8.632e-02,1.000e+00,1.000e+00,1.005e+00
9.087e-02,1.000e+00,1.000e+00,1.005e+00
9.541e-02,1.000e+00,1.000e+00,1.005e+00
9.995e-02,1.000e+00,1.000e+00,1.005e+00
1.045e-01,1.000e+00,1.000e+00,1.005e+00
1.090e-01,1.000e+00,1.000e+00,1.005e+00
1.136e-01,1.000e+00,1.000e+00,1.005e+00
1.181e-01,1.000e+00,1.000e+00,1.005e+00
1.227e-01,1.000e+00,1.000e+00,1.005e+00
1.272e-01,1.000e+00,1.000e+00,1.005e+00
1.318e-01,1.000e+00,1.000e+00,1.005e+00
1.363e-01,1.000e+00,1.000e+00,1.005e+00
1.408e-01,9.999e-01,1.000e+00,1.005e+00
1.454e-01,9.999e-01,1.000e+00,1.005e+00
1.499e-01,9.999e-01,1.000e+00,1.005e+00
1.545e-01,9.999e-01,1.000e+00,1.005e+00
1.590e-01,9.999e-01,1.000e+00,1.005e+00
1.636e-01,9.999e-01,1.000e+00,1.005e+00
1.681e-01,9.999e-01,1.000e+00,1.005e+00
1.726e-01,9.999e-01,1.000e+00,1.005e+00
1.772e-01,9.999e-01,1.000e+00,1.005e+00
1.817e-01,9.999e-01,1.000e+00,1.005e+00
1.863e-01,9.998e-01,1.000e+00,1.005e+00
1.908e-01,9.998e-01,1.000e+00,1.005e+00
1.954e-01,9.998e-01,1.000e+00,1.005e+00
1.999e-01,9.998e-01,1.000e+00,1.005e+00
2.045e-01,9.998e-01,1.000e+00,1.005e+00
2.090e-01,9.997e-01,1.000e+00,1.005e+00
2.135e-01,9.997e-01,1.000e+00,1.005e+00
2.181e-01,9.997e-01,1.000e+00,1.005e+00
2.226e-01,9.997e-01,1.000e+00,1.005e+00
2.272e-01,9.996e-01,1.000e+00,1.005e+00
2.317e-01,9.996e-01,1.000e+00,1.005e+00
2.363e-01,9.996e-01,1.000e+00,1.005e+00
2.408e-01,9.996e-01,1.000e+00,1.005e+00
2.453e-01,9.995e-01,1.000e+00,1.005e+00
2.499e-01,9.995e-01,1.000e+00,1.005e+00
2.544e-01,9.995e-01,1.000e+00,1.005e+00
2.590e-01,9.994e-01,1.000e+00,1.005e+00
2.635e-01,9.994e-01,1.000e+00,1.005e+00
2.681e-01,9.993e-01,9.999e-01,1.005e+00
2.726e-01,9.993e-01,9.999e-01,1.005e+00
2.771e-01,9.992e-01,9.999e-01,1.005e+00
2.817e-01,9.992e-01,9.999e-01,1.005e+00
2.862e-01,9.991e-01,9.998e-01,1.005e+00
2.908e-01,9.991e-01,9.998e-01,1.005e+00
2.953e-01,9.990e-01,9.997e-01,1.005e+00
2.999e-01,9.990e-01,9.997e-01,1.005e+00
3.044e-01,9.989e-01,9.997e-01,1.005e+00
3.090e-01,9.988e-01,9.996e-01,1.005e+00
3.135e-01,9.988e-01,9.996e-01,1.005e+00
3.180e-01,9.987e-01,9.995e-01,1.005e+00
3.226e-01,9.986e-01,9.995e-01,1.004e+00
3.271e-01,9.985e-01,9.994e-01,1.004e+00
3.317e-01,9.984e-01,9.993e-01,1.004e+00
3.362e-01,9.984e-01,9.993e-01,1.004e+00
3.408e-01,9.983e-01,9.992e-01,1.004e+00
3.453e-01,9.982e-01,9.991e-01,1.004e+00
3.498e-01,9.981e-01,9.991e-01,1.004e+00
3.544e-01,9.980e-01,9.990e-01,1.004e+00
3.589e-01,9.979e-01,9.989e-01,1.004e+00
3.635e-01,9.978e-01,9.988e-01,1.004e+00
3.680e-01,9.977e-01,9.987e-01,1.004e+00
3.726e-01,9.975e-01,9.986e-01,1.004e+00
3.771e-01,9.974e-01,9.985e-01,1.004e+00
3.816e-01,9.973e-01,9.984e-01,1.003e+00
3.862e-01,9.972e-01,9.983e-01,1.003e+00
3.907e-01,9.970e-01,9.982e-01,1.003e+00
3.953e-01,9.969e-01,9.981e-01,1.003e+00
3.998e-01,9.968e-01,9.980e-01,1.003e+00
4.044e-01,9.966e-01,9.978e-01,1.003e+00
4.089e-01,9.965e-01,9.977e-01,1.003e+00
4.134e-01,9.963e-01,9.976e-01,1.003e+00
4.180e-01,9.962e-01,9.974e-01,1.002e+00
4.225e-01,9.960e-01,9.973e-01,1.002e+00
4.271e-01,9.958e-01,9.972e-01,1.002e+00
4.316e-01,9.957e-01,9.970e-01,1.002e+00
4.362e-01,9.955e-01,9.968e-01,1.002e+00
4.407e-01,9.953e-01,9.967e-01,1.002e+00
4.453e-01,9.951e-01,9.965e-01,1.001e+00
4.498e-01,9.949e-01,9.963e-01,1.001e+00
4.543e-01,9.947e-01,9.961e-01,1.001e+00
4.589e-01,9.945e-01,9.960e-01,1.001e+00
4.634e-01,9.943e-01,9.958e-01,1.001e+00
4.680e-01,9.941e-01,9.956e-01,1.001e+00
4.725e-01,9.939e-01,9.954e-01,1.000e+00
4.771e-01,9.936e-01,9.952e-01,1.000e+00
4.816e-01,9.934e-01,9.949e-01,9.999e-01
4.861e-01,9.932e-01,9.947e-01,9.997e-01
4.907e-01,9.929e-01,9.945e-01,9.995e-01
4.952e-01,9.927e-01,9.942e-01,9.992e-01
4.998e-01,9.924e-01,9.940e-01,9.990e-01
5.043e-01,9.921e-01,9.937e-01,9.987e-01
5.089e-01,9.919e-01,9.935e-01,9.985e-01
5.134e-01,9.916e-01,9.932e-01,9.982e-01
5.179e-01,9.913e-01,9.930e-01,9.979e-01
5.225e-01,9.910e-01,9.927e-01,9.976e-01
5.270e-01,9.907e-01,9.924e-01,9.974e-01
5.316e-01,9.904e-01,9.921e-01,9.971e-01
5.361e-01,9.901e-01,9.918e-01,9.968e-01
5.407e-01,9.897e-01,9.915e-01,9.964e-01
5.452e-01,9.894e-01,9.912e-01,9.961e-01
5.498e-01,9.891e-01,9.909e-01,9.958e-01
5.543e-01,9.887e-01,9.905e-01,9.955e-01
5.588e-01,9.884e-01,9.902e-01,9.951e-01
5.634e-01,9.880e-01,9.898e-01,9.948e-01
5.679e-01,9.877e-01,9.895e-01,9.944e-01
5.725e-01,9.873e-01,9.891e-01,9.941e-01
5.770e-01,9.869e-01,9.887e-01,9.937e-01
5.816e-01,9.865e-01,9.884e-01,9.933e-01
5.861e-01,9.861e-01,9.880e-01,9.929e-01
5.906e-01,9.857e-01,9.876e-01,9.925e-01
5.952e-01,9.853e-01,9.872e-01,9.921e-01
5.997e-01,9.849e-01,9.868e-01,9.917e-01
6.043e-01,9.844e-01,9.863e-01,9.913e-01
6.088e-01,9.840e-01,9.859e-01,9.908e-01
6.134e-01,9.835e-01,9.855e-01,9.904e-01
6.179e-01,9.831e-01,9.850e-01,9.899e-01
6.224e-01,9.826e-01,9.846e-01,9.895e-01
6.270e-01,9.821e-01,9.841e-01,9.890e-01
6.315e-01,9.816e-01,9.836e-01,9.885e-01
6.361e-01,9.812e-01,9.831e-01,9.880e-01
6.406e-01,9.807e-01,9.826e-01,9.875e-01
6.452e-01,9.801e-01,9.821e-01,9.870e-01
6.497e-01,9.796e-01,9.816e-01,9.865e-01
6.542e-01,9.791e-01,9.811e-01,9.860e-01
6.588e-01,9.785e-01,9.805e-01,9.854e-01
6.633e-01,9.780e-01,9.800e-01,9.849e-01
6.679e-01,9.774e-01,9.794e-01,9.843e-01
6.724e-01,9.769e-01,9.789e-01,9.838e-01
6.770e-01,9.763e-01,9.783e-01,9.832e-01
6.815e-01,9.757e-01,9.777e-01,9.826e-01
6.861e-01,9.751e-01,9.771e-01,9.820e-01
6.906e-01,9.745e-01,9.765e-01,9.814e-01
6.951e-01,9.739e-01,9.759e-01,9.807e-01
6.997e-01,9.732e-01,9.752e-01,9.801e-01
7.042e-01,9.726e-01,9.746e-01,9.795e-01
7.088e-01,9.720e-01,9.739e-01,9.788e-01
7.133e-01,9.713e-01,9.733e-01,9.782e-01
7.179e-01,9.706e-01,9.726e-01,9.775e-01
7.224e-01,9.700e-01,9.719e-01,9.768e-01
7.269e-01,9.693e-01,9.712e-01,9.761e-01
7.315e-01,9.686e-01,9.705e-01,9.754e-01
7.360e-01,9.678e-01,9.698e-01,9.747e-01
7.406e-01,9.671e-01,9.691e-01,9.739e-01
7.451e-01,9.664e-01,9.683e-01,9.732e-01
7.497e-01,9.656e-01,9.676e-01,9.724e-01
7.542e-01,9.649e-01,9.668e-01,9.717e-01
7.587e-01,9.641e-01,9.661e-01,9.709e-01
7.633e-01,9.633e-01,9.653e-01,9.701e-01
7.678e-01,9.626e-01,9.645e-01,9.693e-01
7.724e-01,9.618e-01,9.637e-01,9.685e-01
7.769e-01,9.609e-01,9.628e-01,9.676e-01
7.815e-01,9.601e-01,9.620e-01,9.668e-01
7.860e-01,9.593e-01,9.612e-01,9.660e-01
7.905e-01,9.584e-01,9.603e-01,9.651e-01
7.951e-01,9.576e-01,9.594e-01,9.642e-01
7.996e-01,9.567e-01,9.585e-01,9.633e-01
8.042e-01,9.558e-01,9.577e-01,9.624e-01
8.087e-01,9.549e-01,9.567e-01,9.615e-01
8.133e-01,9.540e-01,9.558e-01,9.606e-01
8.178e-01,9.531e-01,9.549e-01,9.597e-01
8.224e-01,9.522e-01,9.540e-01,9.587e-01
8.269e-01,9.513e-01,9.530e-01,9.578e-01
8.314e-01,9.503e-01,9.520e-01,9.568e-01
8.360e-01,9.493e-01,9.510e-01,9.558e-01
8.405e-01,9.484e-01,9.501e-01,9.548e-01
8.451e-01,9.474e-01,9.490e-01,9.538e-01
8.496e-01,9.464e-01,9.480e-01,9.528e-01
8.542e-01,9.454e-01,9.470e-01,9.517e-01
8.587e-01,9.444e-01,9.459e-01,9.507e-01
8.632e-01,9.433e-01,9.449e-01,9.496e-01
8.678e-01,9.423e-01,9.438e-01,9.485e-01
8.723e-01,9.412e-01,9.427e-01,9.474e-01
8.769e-01,9.401e-01,9.416e-01,9.463e-01
8.814e-01,9.391e-01,9.405e-01,9.452e-01
8.860e-01,9.380e-01,9.394e-01,9.441e-01
8.905e-01,9.368e-01,9.383e-01,9.430e-01
8.950e-01,9.357e-01,9.371e-01,9.418e-01
8.996e-01,9.346e-01,9.360e-01,9.406e-01
9.041e-01,9.334e-01,9.348e-01,9.395e-01
9.087e-01,9.323e-01,9.336e-01,9.383e-01
9.132e-01,9.311e-01,9.324e-01,9.371e-01
9.178e-01,9.299e-01,9.312e-01,9.358e-01
9.223e-01,9.287e-01,9.299e-01,9.346e-01
9.269e-01,9.275e-01,9.287e-01,9.333e-01
9.314e-01,9.263e-01,9.274e-01,9.321e-01
9.359e-01,9.250e-01,9.262e-01,9.308e-01
9.405e-01,9.238e-01,9.249e-01,9.295e-01
9.450e-01,9.225e-01,9.236e-01,9.282e-01
9.496e-01,9.213e-01,9.223e-01,9.269e-01
9.541e-01,9.200e-01,9.210e-01,9.256e-01
9.587e-01,9.187e-01,9.196e-01,9.242e-01
9.632e-01,9.174e-01,9.183e-01,9.229e-01
9.677e-01,9.160e-01,9.169e-01,9.215e-01
9.723e-01,9.147e-01,9.155e-01,9.201e-01
9.768e-01,9.133e-01,9.141e-01,9.187e-01
9.814e-01,9.120e-01,9.127e-01,9.173e-01
9.859e-01,9.106e-01,9.113e-01,9.159e-01
9.905e-01,9.092e-01,9.099e-01,9.144e-01
9.950e-01,9.078e-01,9.084e-01,9.130e-01
9.995e-01,9.064e-01,9.070e-01,9.115e-01
1.004e+00,9.049e-01,9.055e-01,9.100e-01
1.009e+00,9.035e-01,9.040e-01,9.085e-01
1.013e+00,9.020e-01,9.025e-01,9.070e-01
1.018e+00,9.006e-01,9.010e-01,9.055e-01
1.022e+00,8.991e-01,8.995e-01,9.040e-01
1.027e+00,8.976e-01,8.979e-01,9.024e-01
1.031e+00,8.961e-01,8.964e-01,9.009e-01
1.036e+00,8.946e-01,8.948e-01,8.993e-01
1.040e+00,8.930e-01,8.932e-01,8.977e-01
1.045e+00,8.915e-01,8.916e-01,8.961e-01
1.050e+00,8.899e-01,8.900e-01,8.945e-01
1.054e+00,8.883e-01,8.884e-01,8.928e-01
1.059e+00,8.867e-01,8.868e-01,8.912e-01
1.063e+00,8.851e-01,8.851e-01,8.895e-01
1.068e+00,8.835e-01,8.834e-01,8.878e-01
1.072e+00,8.819e-01,8.818e-01,8.862e-01
1.077e+00,8.802e-01,8.801e-01,8.845e-01
1.081e+00,8.786e-01,8.784e-01,8.827e-01
1.086e+00,8.769e-01,8.766e-01,8.810e-01
1.090e+00,8.752e-01,8.749e-01,8.793e-01
1.095e+00,8.735e-01,8.731e-01,8.775e-01
1.100e+00,8.718e-01,8.714e-01,8.757e-01
1.104e+00,8.701e-01,8.696e-01,8.740e-01
1.109e+00,8.684e-01,8.678e-01,8.722e-01
1.113e+00,8.666e-01,8.660e-01,8.703e-01
1.118e+00,8.649e-01,8.642e-01,8.685e-01
1.122e+00,8.631e-01,8.624e-01,8.667e-01
1.127e+00,8.613e-01,8.605e-01,8.648e-01
1.131e+00,8.595e-01,8.587e-01,8.630e-01
1.136e+00,8.577e-01,8.568e-01,8.611e-01
1.140e+00,8.559e-01,8.549e-01,8.592e-01
1.145e+00,8.540e-01,8.530e-01,8.573e-01
1.149e+00,8.522e-01,8.511e-01,8.554e-01
1.154e+00,8.503e-01,8.492e-01,8.534e-01
1.159e+00,8.484e-01,8.472e-01,8.515e-01
1.163e+00,8.466e-01,8.453e-01,8.495e-01
1.168e+00,8.446e-01,8.433e-01,8.475e-01
1.172e+00,8.427e-01,8.413e-01,8.456e-01
1.177e+00,8.408e-01,8.394e-01,8.436e-01
1.181e+00,8.389e-01,8.374e-01,8.415e-01
1.186e+00,8.369e-01,8.353e-01,8.395e-01
1.190e+00,8.349e-01,8.333e-01,8.375e-01
1.195e+00,8.330e-01,8.313e-01,8.354e-01
1.199e+00,8.310e-01,8.292e-01,8.334e-01
1.204e+00,8.290e-01,8.271e-01,8.313e-01
1.209e+00,8.269e-01,8.251e-01,8.292e-01
1.213e+00,8.249e-01,8.230e-01,8.271e-01
1.218e+00,8.229e-01,8.208e-01,8.250e-01
1.222e+00,8.208e-01,8.187e-01,8.228e-01
1.227e+00,8.188e-01,8.166e-01,8.207e-01
1.231e+00,8.167e-01,8.144e-01,8.185e-01
1.236e+00,8.146e-01,8.123e-01,8.163e-01
1.240e+00,8.125e-01,8.101e-01,8.142e-01
1.245e+00,8.104e-01,8.079e-01,8.120e-01
1.249e+00,8.082e-01,8.057e-01,8.098e-01
1.254e+00,8.061e-01,8.035e-01,8.075e-01
1.259e+00,8.039e-01,8.013e-01,8.053e-01
1.263e+00,8.018e-01,7.991e-01,8.031e-01
1.268e+00,7.996e-01,7.968e-01,8.008e-01
1.272e+00,7.974e-01,7.946e-01,7.985e-01
1.277e+00,7.952e-01,7.923e-01,7.962e-01
1.281e+00,7.930e-01,7.900e-01,7.940e-01
1.286e+00,7.908e-01,7.877e-01,7.916e-01
1.290e+00,7.885e-01,7.854e-01,7.893e-01
1.295e+00,7.863e-01,7.831e-01,7.870e-01
1.299e+00,7.840e-01,7.807e-01,7.847e-01
1.304e+00,7.818e-01,7.784e-01,7.823e-01
1.308e+00,7.795e-01,7.760e-01,7.799e-01
1.313e+00,7.772e-01,7.737e-01,7.776e-01
1.318e+00,7.749e-01,7.713e-01,7.752e-01
1.322e+00,7.726e-01,7.689e-01,7.728e-01
1.327e+00,7.702e-01,7.665e-01,7.703e-01
1.331e+00,7.679e-01,7.641e-01,7.679e-01
1.336e+00,7.655e-01,7.617e-01,7.655e-01
1.340e+00,7.632e-01,7.592e-01,7.630e-01
1.345e+00,7.608e-01,7.568e-01,7.606e-01
1.349e+00,7.584e-01,7.543e-01,7.581e-01
1.354e+00,7.560e-01,7.519e-01,7.556e-01
1.358e+00,7.536e-01,7.494e-01,7.531e-01
1.363e+00,7.512e-01,7.469e-01,7.506e-01
1.368e+00,7.488e-01,7.444e-01,7.481e-01
1.372e+00,7.464e-01,7.419e-01,7.456e-01
1.377e+00,7.439e-01,7.393e-01,7.430e-01
1.381e+00,7.414e-01,7.368e-01,7.405e-01
1.386e+00,7.390e-01,7.343e-01,7.379e-01
1.390e+00,7.365e-01,7.317e-01,7.354e-01
1.395e+00,7.340e-01,7.291e-01,7.328e-01
1.399e+00,7.315e-01,7.266e-01,7.302e-01
1.404e+00,7.290e-01,7.240e-01,7.276e-01
1.408e+00,7.265e-01,7.214e-01,7.250e-01
1.413e+00,7.240e-01,7.188e-01,7.224e-01
1.418e+00,7.214e-01,7.162e-01,7.197e-01
1.422e+00,7.189e-01,7.135e-01,7.171e-01
1.427e+00,7.163e-01,7.109e-01,7.145e-01
1.431e+00,7.137e-01,7.083e-01,7.118e-01
1.436e+00,7.112e-01,7.056e-01,7.091e-01
1.440e+00,7.086e-01,7.029e-01,7.064e-01
1.445e+00,7.060e-01,7.003e-01,7.038e-01
1.449e+00,7.034e-01,6.976e-01,7.011e-01
1.454e+00,7.008e-01,6.949e-01,6.984e-01
1.458e+00,6.981e-01,6.922e-01,6.956e-01
1.463e+00,6.955e-01,6.895e-01,6.929e-01
1.468e+00,6.928e-01,6.867e-01,6.902e-01
1.472e+00,6.902e-01,6.840e-01,6.874e-01
1.477e+00,6.875e-01,6.813e-01,6.847e-01
1.481e+00,6.849e-01,6.785e-01,6.819e-01
1.486e+00,6.822e-01,6.758e-01,6.792e-01
1.490e+00,6.795e-01,6.730e-01,6.764e-01
1.495e+00,6.768e-01,6.702e-01,6.736e-01
1.499e+00,6.741e-01,6.675e-01,6.708e-01
1.504e+00,6.714e-01,6.647e-01,6.680e-01
1.508e+00,6.687e-01,6.619e-01,6.652e-01
1.513e+00,6.659e-01,6.591e-01,6.624e-01
1.517e+00,6.632e-01,6.563e-01,6.595e-01
1.522e+00,6.605e-01,6.534e-01,6.567e-01
1.527e+00,6.577e-01,6.506e-01,6.539e-01
1.531e+00,6.550e-01,6.478e-01,6.510e-01
1.536e+00,6.522e-01,6.449e-01,6.482e-01
1.540e+00,6.494e-01,6.421e-01,6.453e-01
1.545e+00,6.466e-01,6.392e-01,6.424e-01
1.549e+00,6.438e-01,6.364e-01,6.395e-01
1.554e+00,6.411e-01,6.335e-01,6.367e-01
1.558e+00,6.382e-01,6.306e-01,6.338e-01
1.563e+00,6.354e-01,6.277e-01,6.309e-01
1.567e+00,6.326e-01,6.248e-01,6.280e-01
1.572e+00,6.298e-01,6.219e-01,6.250e-01
1.577e+00,6.270e-01,6.190e-01,6.221e-01
1.581e+00,6.241e-01,6.161e-01,6.192e-01
1.586e+00,6.213e-01,6.132e-01,6.163e-01
1.590e+00,6.184e-01,6.103e-01,6.133e-01
1.595e+00,6.156e-01,6.073e-01,6.104e-01
1.599e+00,6.127e-01,6.044e-01,6.074e-01
1.604e+00,6.098e-01,6.015e-01,6.045e-01
1.608e+00,6.070e-01,5.985e-01,6.015e-01
1.613e+00,6.041e-01,5.956e-01,5.985e-01
1.617e+00,6.012e-01,5.926e-01,5.956e-01
1.622e+00,5.983e-01,5.896e-01,5.926e-01
1.627e+00,5.954e-01,5.867e-01,5.896e-01
1.631e+00,5.925e-01,5.837e-01,5.866e-01
1.636e+00,5.896e-01,5.807e-01,5.836e-01
1.640e+00,5.867e-01,5.777e-01,5.806e-01
1.645e+00,5.838e-01,5.747e-01,5.776e-01
1.649e+00,5.809e-01,5.717e-01,5.746e-01
1.654e+00,5.779e-01,5.687e-01,5.716e-01
1.658e+00,5.750e-01,5.657e-01,5.686e-01
1.663e+00,5.721e-01,5.627e-01,5.656e-01
1.667e+00,5.691e-01,5.597e-01,5.625e-01
1.672e+00,5.662e-01,5.567e-01,5.595e-01
1.677e+00,5.632e-01,5.537e-01,5.565e-01
1.681e+00,5.603e-01,5.507e-01,5.534e-01
1.686e+00,5.573e-01,5.476e-01,5.504e-01
1.690e+00,5.543e-01,5.446e-01,5.473e-01
1.695e+00,5.514e-01,5.416e-01,5.443e-01
1.699e+00,5.484e-01,5.385e-01,5.412e-01
1.704e+00,5.454e-01,5.355e-01,5.382e-01
1.708e+00,5.424e-01,5.325e-01,5.351e-01
1.713e+00,5.395e-01,5.294e-01,5.321e-01
1.717e+00,5.365e-01,5.264e-01,5.290e-01
1.722e+00,5.335e-01,5.233e-01,5.259e-01
1.726e+00,5.305e-01,5.203e-01,5.229e-01
1.731e+00,5.275e-01,5.172e-01,5.198e-01
1.736e+00,5.245e-01,5.141e-01,5.167e-01
1.740e+00,5.215e-01,5.111e-01,5.136e-01
1.745e+00,5.185e-01,5.080e-01,5.106e-01
1.749e+00,5.155e-01,5.050e-01,5.075e-01
1.754e+00,5.125e-01,5.019e-01,5.044e-01
1.758e+00,5.095e-01,4.988e-01,5.013e-01
1.763e+00,5.065e-01,4.957e-01,4.982e-01
1.767e+00,5.035e-01,4.927e-01,4.951e-01
1.772e+00,5.005e-01,4.896e-01,4.921e-01
1.776e+00,4.974e-01,4.865e-01,4.890e-01
1.781e+00,4.944e-01,4.835e-01,4.859e-01
1.786e+00,4.914e-01,4.804e-01,4.828e-01
1.790e+00,4.884e-01,4.773e-01,4.797e-01
1.795e+00,4.854e-01,4.742e-01,4.766e-01
1.799e+00,4.823e-01,4.711e-01,4.735e-01
1.804e+00,4.793e-01,4.681e-01,4.704e-01
1.808e+00,4.763e-01,4.650e-01,4.673e-01
1.813e+00,4.733e-01,4.619e-01,4.642e-01
1.817e+00,4.702e-01,4.588e-01,4.611e-01
1.822e+00,4.672e-01,4.558e-01,4.580e-01
1.826e+00,4.642e-01,4.527e-01,4.549e-01
1.831e+00,4.612e-01,4.496e-01,4.519e-01
1.836e+00,4.581e-01,4.465e-01,4.488e-01
1.840e+00,4.551e-01,4.435e-01,4.457e-01
1.845e+00,4.521e-01,4.404e-01,4.426e-01
1.849e+00,4.491e-01,4.373e-01,4.395e-01
1.854e+00,4.460e-01,4.342e-01,4.364e-01
1.858e+00,4.430e-01,4.312e-01,4.333e-01
1.863e+00,4.400e-01,4.281e-01,4.302e-01
1.867e+00,4.370e-01,4.250e-01,4.271e-01
1.872e+00,4.339e-01,4.219e-01,4.241e-01
1.876e+00,4.309e-01,4.189e-01,4.210e-01
1.881e+00,4.279e-01,4.158e-01,4.179e-01
1.886e+00,4.249e-01,4.128e-01,4.148e-01
1.890e+00,4.219e-01,4.097e-01,4.117e-01
1.895e+00,4.188e-01,4.066e-01,4.087e-01
1.899e+00,4.158e-01,4.036e-01,4.056e-01
1.904e+00,4.128e-01,4.005e-01,4.025e-01
1.908e+00,4.098e-01,3.975e-01,3.995e-01
1.913e+00,4.068e-01,3.944e-01,3.964e-01
1.917e+00,4.038e-01,3.914e-01,3.934e-01
1.922e+00,4.008e-01,3.884e-01,3.903e-01
1.926e+00,3.978e-01,3.853e-01,3.872e-01
1.931e+00,3.948e-01,3.823e-01,3.842e-01
1.935e+00,3.918e-01,3.793e-01,3.812e-01
1.940e+00,3.888e-01,3.762e-01,3.781e-01
1.945e+00,3.858e-01,3.732e-01,3.751e-01
1.949e+00,3.828e-01,3.702e-01,3.720e-01
1.954e+00,3.798e-01,3.672e-01,3.690e-01
1.958e+00,3.769e-01,3.642e-01,3.660e-01
1.963e+00,3.739e-01,3.612e-01,3.630e-01
1.967e+00,3.709e-01,3.582e-01,3.600e-01
1.972e+00,3.679e-01,3.552e-01,3.569e-01
1.976e+00,3.650e-01,3.522e-01,3.539e-01
1.981e+00,3.620e-01,3.492e-01,3.509e-01
1.985e+00,3.591e-01,3.462e-01,3.479e-01
1.990e+00,3.561e-01,3.432e-01,3.450e-01
1.995e+00,3.532e-01,3.403e-01,3.420e-01
1.999e+00,3.502e-01,3.373e-01,3.390e-01
2.004e+00,3.473e-01,3.343e-01,3.360e-01
2.008e+00,3.444e-01,3.314e-01,3.330e-01
2.013e+00,3.414e-01,3.284e-01,3.301e-01
2.017e+00,3.385e-01,3.255e-01,3.271e-01
2.022e+00,3.356e-01,3.226e-01,3.242e-01
2.026e+00,3.327e-01,3.196e-01,3.212e-01
2.031e+00,3.298e-01,3.167e-01,3.183e-01
2.035e+00,3.269e-01,3.138e-01,3.154e-01
2.040e+00,3.240e-01,3.109e-01,3.125e-01
2.045e+00,3.211e-01,3.080e-01,3.095e-01
2.049e+00,3.182e-01,3.051e-01,3.066e-01
2.054e+00,3.154e-01,3.022e-01,3.037e-01
2.058e+00,3.125e-01,2.993e-01,3.008e-01
2.063e+00,3.096e-01,2.965e-01,2.980e-01
2.067e+00,3.068e-01,2.936e-01,2.951e-01
2.072e+00,3.039e-01,2.908e-01,2.922e-01
2.076e+00,3.011e-01,2.879e-01,2.893e-01
2.081e+00,2.983e-01,2.851e-01,2.865e-01
2.085e+00,2.954e-01,2.822e-01,2.837e-01
2.090e+00,2.926e-01,2.794e-01,2.808e-01
2.095e+00,2.898e-01,2.766e-01,2.780e-01
2.099e+00,2.870e-01,2.738e-01,2.752e-01
2.104e+00,2.842e-01,2.710e-01,2.724e-01
2.108e+00,2.814e-01,2.682e-01,2.696e-01
2.113e+00,2.787e-01,2.655e-01,2.668e-01
2.117e+00,2.759e-01,2.627e-01,2.640e-01
2.122e+00,2.731e-01,2.599e-01,2.612e-01
2.126e+00,2.704e-01,2.572e-01,2.585e-01
2.131e+00,2.677e-01,2.545e-01,2.557e-01
2.135e+00,2.649e-01,2.517e-01,2.530e-01
2.140e+00,2.622e-01,2.490e-01,2.503e-01
2.144e+00,2.595e-01,2.463e-01,2.475e-01
2.149e+00,2.568e-01,2.436e-01,2.448e-01
2.154e+00,2.541e-01,2.409e-01,2.421e-01
2.158e+00,2.514e-01,2.383e-01,2.395e-01
2.163e+00,2.488e-01,2.356e-01,2.368e-01
2.167e+00,2.461e-01,2.330e-01,2.341e-01
2.172e+00,2.435e-01,2.303e-01,2.315e-01
2.176e+00,2.408e-01,2.277e-01,2.288e-01
2.181e+00,2.382e-01,2.251e-01,2.262e-01
2.185e+00,2.356e-01,2.225e-01,2.236e-01
2.190e+00,2.330e-01,2.199e-01,2.210e-01
2.194e+00,2.304e-01,2.173e-01,2.184e-01
2.199e+00,2.278e-01,2.148e-01,2.159e-01
2.204e+00,2.252e-01,2.122e-01,2.133e-01
2.208e+00,2.227e-01,2.097e-01,2.107e-01
2.213e+00,2.201e-01,2.072e-01,2.082e-01
2.217e+00,2.176e-01,2.047e-01,2.057e-01
2.222e+00,2.151e-01,2.022e-01,2.032e-01
2.226e+00,2.126e-01,1.997e-01,2.007e-01
2.231e+00,2.101e-01,1.972e-01,1.982e-01
2.235e+00,2.076e-01,1.948e-01,1.958e-01
2.240e+00,2.052e-01,1.924e-01,1.933e-01
2.244e+00,2.027e-01,1.900e-01,1.909e-01
2.249e+00,2.003e-01,1.876e-01,1.885e-01
2.254e+00,1.979e-01,1.852e-01,1.861e-01
2.258e+00,1.955e-01,1.828e-01,1.837e-01
2.263e+00,1.931e-01,1.804e-01,1.814e-01
2.267e+00,1.907e-01,1.781e-01,1.790e-01
2.272e+00,1.884e-01,1.758e-01,1.767e-01
2.276e+00,1.860e-01,1.735e-01,1.744e-01
2.281e+00,1.837e-01,1.712e-01,1.721e-01
2.285e+00,1.814e-01,1.690e-01,1.698e-01
2.290e+00,1.791e-01,1.667e-01,1.675e-01
2.294e+00,1.769e-01,1.645e-01,1.653e-01
2.299e+00,1.746e-01,1.623e-01,1.631e-01
2.303e+00,1.724e-01,1.601e-01,1.609e-01
2.308e+00,1.701e-01,1.579e-01,1.587e-01
2.313e+00,1.679e-01,1.558e-01,1.565e-01
2.317e+00,1.658e-01,1.536e-01,1.544e-01
2.322e+00,1.636e-01,1.515e-01,1.523e-01
2.326e+00,1.615e-01,1.494e-01,1.502e-01
2.331e+00,1.593e-01,1.474e-01,1.481e-01
2.335e+00,1.572e-01,1.453e-01,1.461e-01
2.340e+00,1.552e-01,1.433e-01,1.440e-01
2.344e+00,1.531e-01,1.413e-01,1.420e-01
2.349e+00,1.511e-01,1.393e-01,1.400e-01
2.353e+00,1.491e-01,1.374e-01,1.381e-01
2.358e+00,1.471e-01,1.355e-01,1.361e-01
2.363e+00,1.451e-01,1.336e-01,1.342e-01
2.367e+00,1.431e-01,1.317e-01,1.323e-01
2.372e+00,1.412e-01,1.298e-01,1.305e-01
2.376e+00,1.393e-01,1.280e-01,1.286e-01
2.381e+00,1.375e-01,1.262e-01,1.268e-01
2.385e+00,1.356e-01,1.244e-01,1.250e-01
2.390e+00,1.338e-01,1.227e-01,1.233e-01
2.394e+00,1.320e-01,1.210e-01,1.216e-01
2.399e+00,1.302e-01,1.193e-01,1.199e-01
2.403e+00,1.285e-01,1.176e-01,1.182e-01
2.408e+00,1.268e-01,1.160e-01,1.166e-01
2.413e+00,1.251e-01,1.144e-01,1.150e-01
2.417e+00,1.234e-01,1.128e-01,1.134e-01
2.422e+00,1.218e-01,1.113e-01,1.118e-01
2.426e+00,1.202e-01,1.098e-01,1.103e-01
2.431e+00,1.186e-01,1.083e-01,1.089e-01
2.435e+00,1.171e-01,1.069e-01,1.074e-01
2.440e+00,1.156e-01,1.055e-01,1.060e-01
2.444e+00,1.141e-01,1.041e-01,1.046e-01
2.449e+00,1.127e-01,1.028e-01,1.033e-01
2.453e+00,1.112e-01,1.015e-01,1.020e-01
2.458e+00,1.099e-01,1.002e-01,1.007e-01
2.463e+00,1.085e-01,9.899e-02,9.948e-02
2.467e+00,1.072e-01,9.780e-02,9.829e-02
2.472e+00,1.060e-01,9.665e-02,9.713e-02
2.476e+00,1.047e-01,9.554e-02,9.601e-02
2.481e+00,1.035e-01,9.446e-02,9.494e-02
2.485e+00,1.024e-01,9.343e-02,9.390e-02
2.490e+00,1.013e-01,9.244e-02,9.290e-02
2.494e+00,1.002e-01,9.149e-02,9.195e-02
2.499e+00,9.913e-02,9.058e-02,9.103e-02
2.503e+00,9.812e-02,8.971e-02,9.015e-02
2.508e+00,9.716e-02,8.888e-02,8.932e-02
2.512e+00,9.623e-02,8.809e-02,8.853e-02
2.517e+00,9.534e-02,8.734e-02,8.778e-02
2.522e+00,9.450e-02,8.664e-02,8.707e-02
2.526e+00,9.370e-02,8.598e-02,8.641e-02
2.531e+00,9.293e-02,8.536e-02,8.579e-02
2.535e+00,9.221e-02,8.479e-02,8.521e-02
2.540e+00,9.153e-02,8.425e-02,8.467e-02
2.544e+00,9.089e-02,8.376e-02,8.418e-02
2.549e+00,9.030e-02,8.331e-02,8.373e-02
2.553e+00,8.974e-02,8.290e-02,8.332e-02
2.558e+00,8.923e-02,8.253e-02,8.295e-02
2.562e+00,8.876e-02,8.221e-02,8.262e-02
2.567e+00,8.832e-02,8.192e-02,8.233e-02
2.572e+00,8.793e-02,8.168e-02,8.208e-02
2.576e+00,8.758e-02,8.147e-02,8.188e-02
2.581e+00,8.727e-02,8.130e-02,8.171e-02
2.585e+00,8.700e-02,8.117e-02,8.158e-02
2.590e+00,8.677e-02,8.108e-02,8.149e-02
2.594e+00,8.658e-02,8.102e-02,8.143e-02
2.599e+00,8.642e-02,8.100e-02,8.141e-02
2.603e+00,8.631e-02,8.102e-02,8.142e-02
2.608e+00,8.623e-02,8.107e-02,8.147e-02
2.612e+00,8.618e-02,8.115e-02,8.156e-02
2.617e+00,8.617e-02,8.126e-02,8.167e-02
2.622e+00,8.620e-02,8.141e-02,8.182e-02
2.626e+00,8.626e-02,8.158e-02,8.199e-02
2.631e+00,8.635e-02,8.179e-02,8.220e-02
2.635e+00,8.647e-02,8.202e-02,8.243e-02
2.640e+00,8.662e-02,8.228e-02,8.269e-02
2.644e+00,8.681e-02,8.256e-02,8.298e-02
2.649e+00,8.702e-02,8.287e-02,8.329e-02
2.653e+00,8.726e-02,8.320e-02,8.362e-02
2.658e+00,8.752e-02,8.356e-02,8.398e-02
2.662e+00,8.781e-02,8.394e-02,8.436e-02
2.667e+00,8.813e-02,8.433e-02,8.475e-02
2.672e+00,8.847e-02,8.475e-02,8.517e-02
2.676e+00,8.883e-02,8.518e-02,8.561e-02
2.681e+00,8.922e-02,8.563e-02,8.606e-02
2.685e+00,8.962e-02,8.610e-02,8.653e-02
2.690e+00,9.005e-02,8.658e-02,8.702e-02
2.694e+00,9.049e-02,8.708e-02,8.751e-02
2.699e+00,9.095e-02,8.759e-02,8.803e-02
2.703e+00,9.143e-02,8.811e-02,8.855e-02
2.708e+00,9.192e-02,8.864e-02,8.909e-02
2.712e+00,9.243e-02,8.919e-02,8.963e-02
2.717e+00,9.295e-02,8.974e-02,9.019e-02
2.721e+00,9.348e-02,9.030e-02,9.076e-02
2.726e+00,9.403e-02,9.087e-02,9.133e-02
2.731e+00,9.459e-02,9.145e-02,9.191e-02
2.735e+00,9.516e-02,9.204e-02,9.250e-02
2.740e+00,9.573e-02,9.263e-02,9.309e-02
2.744e+00,9.632e-02,9.322e-02,9.369e-02
2.749e+00,9.691e-02,9.382e-02,9.429e-02
2.753e+00,9.751e-02,9.443e-02,9.490e-02
2.758e+00,9.812e-02,9.503e-02,9.551e-02
2.762e+00,9.873e-02,9.564e-02,9.612e-02
2.767e+00,9.935e-02,9.625e-02,9.673e-02
2.771e+00,9.998e-02,9.686e-02,9.735e-02
2.776e+00,1.006e-01,9.748e-02,9.796e-02
2.781e+00,1.012e-01,9.809e-02,9.858e-02
2.785e+00,1.019e-01,9.870e-02,9.920e-02
2.790e+00,1.025e-01,9.932e-02,9.981e-02
2.794e+00,1.031e-01,9.993e-02,1.004e-01
2.799e+00,1.038e-01,1.005e-01,1.010e-01
2.803e+00,1.044e-01,1.011e-01,1.017e-01
2.808e+00,1.051e-01,1.018e-01,1.023e-01
2.812e+00,1.057e-01,1.024e-01,1.029e-01
2.817e+00,1.063e-01,1.030e-01,1.035e-01
2.821e+00,1.070e-01,1.036e-01,1.041e-01
2.826e+00,1.076e-01,1.041e-01,1.047e-01
2.831e+00,1.082e-01,1.047e-01,1.053e-01
2.835e+00,1.089e-01,1.053e-01,1.058e-01
2.840e+00,1.095e-01,1.059e-01,1.064e-01
2.844e+00,1.101e-01,1.065e-01,1.070e-01
2.849e+00,1.107e-01,1.070e-01,1.076e-01
2.853e+00,1.114e-01,1.076e-01,1.081e-01
2.858e+00,1.120e-01,1.082e-01,1.087e-01
2.862e+00,1.126e-01,1.087e-01,1.092e-01
2.867e+00,1.132e-01,1.092e-01,1.098e-01
2.871e+00,1.138e-01,1.098e-01,1.103e-01
2.876e+00,1.144e-01,1.103e-01,1.109e-01
2.881e+00,1.150e-01,1.108e-01,1.114e-01
2.885e+00,1.155e-01,1.114e-01,1.119e-01
2.890e+00,1.161e-01,1.119e-01,1.124e-01
2.894e+00,1.167e-01,1.124e-01,1.129e-01
2.899e+00,1.172e-01,1.129e-01,1.134e-01
2.903e+00,1.178e-01,1.134e-01,1.139e-01
2.908e+00,1.183e-01,1.138e-01,1.144e-01
2.912e+00,1.189e-01,1.143e-01,1.149e-01
2.917e+00,1.194e-01,1.148e-01,1.153e-01
2.921e+00,1.200e-01,1.152e-01,1.158e-01
2.926e+00,1.205e-01,1.157e-01,1.162e-01
2.930e+00,1.210e-01,1.161e-01,1.167e-01
2.935e+00,1.215e-01,1.165e-01,1.171e-01
2.940e+00,1.220e-01,1.169e-01,1.175e-01
2.944e+00,1.225e-01,1.174e-01,1.179e-01
2.949e+00,1.230e-01,1.178e-01,1.183e-01
2.953e+00,1.234e-01,1.181e-01,1.187e-01
2.958e+00,1.239e-01,1.185e-01,1.191e-01
2.962e+00,1.243e-01,1.189e-01,1.195e-01
2.967e+00,1.248e-01,1.193e-01,1.199e-01
2.971e+00,1.252e-01,1.196e-01,1.202e-01
2.976e+00,1.256e-01,1.200e-01,1.206e-01
2.980e+00,1.261e-01,1.203e-01,1.209e-01
2.985e+00,1.265e-01,1.206e-01,1.212e-01
2.990e+00,1.269e-01,1.209e-01,1.215e-01
2.994e+00,1.273e-01,1.212e-01,1.218e-01
2.999e+00,1.277e-01,1.215e-01,1.221e-01
3.003e+00,1.280e-01,1.218e-01,1.224e-01
3.008e+00,1.284e-01,1.221e-01,1.227e-01
3.012e+00,1.287e-01,1.224e-01,1.230e-01
3.017e+00,1.291e-01,1.226e-01,1.232e-01
3.021e+00,1.294e-01,1.229e-01,1.235e-01
3.026e+00,1.297e-01,1.231e-01,1.237e-01
3.030e+00,1.301e-01,1.233e-01,1.239e-01
3.035e+00,1.304e-01,1.236e-01,1.242e-01
3.040e+00,1.307e-01,1.238e-01,1.244e-01
3.044e+00,1.309e-01,1.240e-01,1.246e-01
3.049e+00,1.312e-01,1.241e-01,1.248e-01
3.053e+00,1.315e-01,1.243e-01,1.249e-01
3.058e+00,1.317e-01,1.245e-01,1.251e-01
3.062e+00,1.320e-01,1.246e-01,1.253e-01
3.067e+00,1.322e-01,1.248e-01,1.254e-01
3.071e+00,1.324e-01,1.249e-01,1.255e-01
3.076e+00,1.327e-01,1.251e-01,1.257e-01
3.080e+00,1.329e-01,1.252e-01,1.258e-01
3.085e+00,1.331e-01,1.253e-01,1.259e-01
3.090e+00,1.332e-01,1.254e-01,1.260e-01
3.094e+00,1.334e-01,1.255e-01,1.261e-01
3.099e+00,1.336e-01,1.255e-01,1.262e-01
3.103e+00,1.337e-01,1.256e-01,1.262e-01
3.108e+00,1.339e-01,1.257e-01,1.263e-01
3.112e+00,1.340e-01,1.257e-01,1.263e-01
3.117e+00,1.341e-01,1.257e-01,1.264e-01
3.121e+00,1.343e-01,1.258e-01,1.264e-01
3.126e+00,1.344e-01,1.258e-01,1.264e-01
3.130e+00,1.345e-01,1.258e-01,1.264e-01
3.135e+00,1.345e-01,1.258e-01,1.264e-01
3.139e+00,1.346e-01,1.258e-01,1.264e-01
3.144e+00,1.347e-01,1.258e-01,1.264e-01
3.149e+00,1.347e-01,1.257e-01,1.264e-01
3.153e+00,1.348e-01,1.257e-01,1.263e-01
3.158e+00,1.348e-01,1.256e-01,1.263e-01
3.162e+00,1.349e-01,1.256e-01,1.262e-01
3.167e+00,1.349e-01,1.255e-01,1.261e-01
3.171e+00,1.349e-01,1.254e-01,1.261e-01
3.176e+00,1.349e-01,1.253e-01,1.260e-01
3.180e+00,1.349e-01,1.252e-01,1.259e-01
3.185e+00,1.348e-01,1.251e-01,1.258e-01
3.189e+00,1.348e-01,1.250e-01,1.256e-01
3.194e+00,1.348e-01,1.249e-01,1.255e-01
3.199e+00,1.347e-01,1.248e-01,1.254e-01
3.203e+00,1.346e-01,1.246e-01,1.252e-01
3.208e+00,1.346e-01,1.245e-01,1.251e-01
3.212e+00,1.345e-01,1.243e-01,1.249e-01
3.217e+00,1.344e-01,1.241e-01,1.247e-01
3.221e+00,1.343e-01,1.239e-01,1.246e-01
3.226e+00,1.342e-01,1.238e-01,1.244e-01
3.230e+00,1.341e-01,1.236e-01,1.242e-01
3.235e+00,1.339e-01,1.233e-01,1.240e-01
3.239e+00,1.338e-01,1.231e-01,1.237e-01
3.244e+00,1.337e-01,1.229e-01,1.235e-01
3.249e+00,1.335e-01,1.227e-01,1.233e-01
3.253e+00,1.333e-01,1.224e-01,1.230e-01
3.258e+00,1.332e-01,1.222e-01,1.228e-01
3.262e+00,1.330e-01,1.219e-01,1.225e-01
3.267e+00,1.328e-01,1.217e-01,1.223e-01
3.271e+00,1.326e-01,1.214e-01,1.220e-01
3.276e+00,1.324e-01,1.211e-01,1.217e-01
3.280e+00,1.322e-01,1.208e-01,1.214e-01
3.285e+00,1.319e-01,1.205e-01,1.211e-01
3.289e+00,1.317e-01,1.202e-01,1.208e-01
3.294e+00,1.314e-01,1.199e-01,1.205e-01
3.299e+00,1.312e-01,1.196e-01,1.202e-01
3.303e+00,1.309e-01,1.192e-01,1.198e-01
3.308e+00,1.307e-01,1.189e-01,1.195e-01
3.312e+00,1.304e-01,1.185e-01,1.191e-01
3.317e+00,1.301e-01,1.182e-01,1.188e-01
3.321e+00,1.298e-01,1.178e-01,1.184e-01
3.326e+00,1.295e-01,1.174e-01,1.180e-01
3.330e+00,1.292e-01,1.171e-01,1.177e-01
3.335e+00,1.289e-01,1.167e-01,1.173e-01
3.339e+00,1.285e-01,1.163e-01,1.169e-01
3.344e+00,1.282e-01,1.159e-01,1.165e-01
3.348e+00,1.278e-01,1.155e-01,1.161e-01
3.353e+00,1.275e-01,1.151e-01,1.157e-01
3.358e+00,1.271e-01,1.147e-01,1.152e-01
3.362e+00,1.268e-01,1.142e-01,1.148e-01
3.367e+00,1.264e-01,1.138e-01,1.144e-01
3.371e+00,1.260e-01,1.134e-01,1.139e-01
3.376e+00,1.256e-01,1.129e-01,1.135e-01
3.380e+00,1.252e-01,1.125e-01,1.130e-01
3.385e+00,1.248e-01,1.120e-01,1.125e-01
3.389e+00,1.244e-01,1.115e-01,1.121e-01
3.394e+00,1.240e-01,1.110e-01,1.116e-01
3.398e+00,1.235e-01,1.106e-01,1.111e-01
3.403e+00,1.231e-01,1.101e-01,1.106e-01
3.408e+00,1.227e-01,1.096e-01,1.101e-01
3.412e+00,1.222e-01,1.091e-01,1.096e-01
3.417e+00,1.218e-01,1.086e-01,1.091e-01
3.421e+00,1.213e-01,1.081e-01,1.086e-01
3.426e+00,1.208e-01,1.076e-01,1.081e-01
3.430e+00,1.204e-01,1.070e-01,1.076e-01
3.435e+00,1.199e-01,1.065e-01,1.070e-01
3.439e+00,1.194e-01,1.060e-01,1.065e-01
3.444e+00,1.189e-01,1.054e-01,1.060e-01
3.448e+00,1.184e-01,1.049e-01,1.054e-01
3.453e+00,1.179e-01,1.044e-01,1.049e-01
3.458e+00,1.174e-01,1.038e-01,1.043e-01
3.462e+00,1.168e-01,1.032e-01,1.038e-01
3.467e+00,1.163e-01,1.027e-01,1.032e-01
3.471e+00,1.158e-01,1.021e-01,1.026e-01
3.476e+00,1.153e-01,1.015e-01,1.020e-01
3.480e+00,1.147e-01,1.010e-01,1.015e-01
3.485e+00,1.142e-01,1.004e-01,1.009e-01
3.489e+00,1.136e-01,9.978e-02,1.003e-01
3.494e+00,1.130e-01,9.919e-02,9.968e-02
3.498e+00,1.125e-01,9.859e-02,9.908e-02
3.503e+00,1.119e-01,9.799e-02,9.848e-02
3.507e+00,1.113e-01,9.739e-02,9.787e-02
3.512e+00,1.107e-01,9.678e-02,9.726e-02
3.517e+00,1.102e-01,9.616e-02,9.664e-02
3.521e+00,1.096e-01,9.555e-02,9.602e-02
3.526e+00,1.090e-01,9.492e-02,9.540e-02
3.530e+00,1.084e-01,9.430e-02,9.477e-02
3.535e+00,1.078e-01,9.367e-02,9.414e-02
3.539e+00,1.072e-01,9.304e-02,9.350e-02
3.544e+00,1.065e-01,9.240e-02,9.286e-02
3.548e+00,1.059e-01,9.176e-02,9.222e-02
3.553e+00,1.053e-01,9.112e-02,9.158e-02
3.557e+00,1.047e-01,9.048e-02,9.093e-02
3.562e+00,1.040e-01,8.983e-02,9.028e-02
3.567e+00,1.034e-01,8.918e-02,8.962e-02
3.571e+00,1.028e-01,8.852e-02,8.896e-02
3.576e+00,1.021e-01,8.787e-02,8.830e-02
3.580e+00,1.015e-01,8.721e-02,8.764e-02
3.585e+00,1.008e-01,8.654e-02,8.698e-02
3.589e+00,1.002e-01,8.588e-02,8.631e-02
3.594e+00,9.950e-02,8.521e-02,8.564e-02
3.598e+00,9.883e-02,8.454e-02,8.496e-02
3.603e+00,9.817e-02,8.387e-02,8.429e-02
3.607e+00,9.750e-02,8.320e-02,8.361e-02
3.612e+00,9.683e-02,8.252e-02,8.293e-02
3.617e+00,9.615e-02,8.184e-02,8.225e-02
3.621e+00,9.547e-02,8.116e-02,8.157e-02
3.626e+00,9.479e-02,8.048e-02,8.088e-02
3.630e+00,9.411e-02,7.980e-02,8.020e-02
3.635e+00,9.342e-02,7.912e-02,7.951e-02
3.639e+00,9.273e-02,7.843e-02,7.882e-02
3.644e+00,9.204e-02,7.774e-02,7.813e-02
3.648e+00,9.135e-02,7.706e-02,7.744e-02
3.653e+00,9.065e-02,7.637e-02,7.675e-02
3.657e+00,8.995e-02,7.568e-02,7.606e-02
3.662e+00,8.925e-02,7.499e-02,7.536e-02
3.667e+00,8.855e-02,7.430e-02,7.467e-02
3.671e+00,8.785e-02,7.360e-02,7.397e-02
3.676e+00,8.714e-02,7.291e-02,7.328e-02
3.680e+00,8.644e-02,7.222e-02,7.258e-02
3.685e+00,8.573e-02,7.153e-02,7.188e-02
3.689e+00,8.502e-02,7.083e-02,7.119e-02
3.694e+00,8.431e-02,7.014e-02,7.049e-02
3.698e+00,8.360e-02,6.945e-02,6.980e-02
3.703e+00,8.288e-02,6.876e-02,6.910e-02
3.707e+00,8.217e-02,6.806e-02,6.840e-02
3.712e+00,8.145e-02,6.737e-02,6.771e-02
3.716e+00,8.074e-02,6.668e-02,6.701e-02
3.721e+00,8.002e-02,6.599e-02,6.632e-02
3.726e+00,7.931e-02,6.530e-02,6.563e-02
3.730e+00,7.859e-02,6.461e-02,6.494e-02
3.735e+00,7.788e-02,6.393e-02,6.425e-02
3.739e+00,7.716e-02,6.324e-02,6.356e-02
3.744e+00,7.644e-02,6.256e-02,6.287e-02
3.748e+00,7.573e-02,6.187e-02,6.218e-02
3.753e+00,7.501e-02,6.119e-02,6.150e-02
3.757e+00,7.430e-02,6.051e-02,6.082e-02
3.762e+00,7.358e-02,5.984e-02,6.014e-02
3.766e+00,7.287e-02,5.916e-02,5.946e-02
3.771e+00,7.216e-02,5.849e-02,5.878e-02
3.776e+00,7.145e-02,5.782e-02,5.811e-02
3.780e+00,7.074e-02,5.715e-02,5.744e-02
3.785e+00,7.003e-02,5.649e-02,5.677e-02
3.789e+00,6.932e-02,5.583e-02,5.610e-02
3.794e+00,6.861e-02,5.517e-02,5.544e-02
3.798e+00,6.791e-02,5.451e-02,5.478e-02
3.803e+00,6.721e-02,5.386e-02,5.413e-02
3.807e+00,6.651e-02,5.321e-02,5.348e-02
3.812e+00,6.581e-02,5.257e-02,5.283e-02
3.816e+00,6.512e-02,5.192e-02,5.218e-02
3.821e+00,6.443e-02,5.129e-02,5.154e-02
3.826e+00,6.374e-02,5.066e-02,5.091e-02
3.830e+00,6.305e-02,5.003e-02,5.028e-02
3.835e+00,6.237e-02,4.941e-02,4.965e-02
3.839e+00,6.169e-02,4.879e-02,4.903e-02
3.844e+00,6.101e-02,4.817e-02,4.841e-02
3.848e+00,6.034e-02,4.757e-02,4.780e-02
3.853e+00,5.967e-02,4.696e-02,4.720e-02
3.857e+00,5.901e-02,4.637e-02,4.660e-02
3.862e+00,5.835e-02,4.578e-02,4.601e-02
3.866e+00,5.769e-02,4.519e-02,4.542e-02
3.871e+00,5.704e-02,4.462e-02,4.484e-02
3.876e+00,5.639e-02,4.404e-02,4.426e-02
3.880e+00,5.575e-02,4.348e-02,4.370e-02
3.885e+00,5.512e-02,4.292e-02,4.314e-02
3.889e+00,5.449e-02,4.237e-02,4.259e-02
3.894e+00,5.386e-02,4.183e-02,4.204e-02
3.898e+00,5.324e-02,4.130e-02,4.150e-02
3.903e+00,5.263e-02,4.077e-02,4.098e-02
3.907e+00,5.203e-02,4.025e-02,4.046e-02
3.912e+00,5.143e-02,3.975e-02,3.994e-02
3.916e+00,5.084e-02,3.925e-02,3.944e-02
3.921e+00,5.025e-02,3.875e-02,3.895e-02
3.925e+00,4.968e-02,3.827e-02,3.847e-02
3.930e+00,4.911e-02,3.780e-02,3.799e-02
3.935e+00,4.855e-02,3.734e-02,3.753e-02
3.939e+00,4.799e-02,3.689e-02,3.707e-02
3.944e+00,4.745e-02,3.645e-02,3.663e-02
3.948e+00,4.691e-02,3.602e-02,3.620e-02
3.953e+00,4.639e-02,3.560e-02,3.578e-02
3.957e+00,4.587e-02,3.520e-02,3.537e-02
3.962e+00,4.536e-02,3.480e-02,3.498e-02
3.966e+00,4.486e-02,3.442e-02,3.459e-02
3.971e+00,4.438e-02,3.405e-02,3.422e-02
3.975e+00,4.390e-02,3.369e-02,3.386e-02
3.980e+00,4.343e-02,3.335e-02,3.351e-02
3.985e+00,4.298e-02,3.301e-02,3.318e-02
3.989e+00,4.254e-02,3.269e-02,3.286e-02
3.994e+00,4.210e-02,3.239e-02,3.255e-02
3.998e+00,4.168e-02,3.210e-02,3.226e-02
4.003e+00,4.128e-02,3.182e-02,3.198e-02
4.007e+00,4.088e-02,3.156e-02,3.172e-02
4.012e+00,4.050e-02,3.131e-02,3.147e-02
4.016e+00,4.013e-02,3.107e-02,3.123e-02
4.021e+00,3.977e-02,3.085e-02,3.101e-02
4.025e+00,3.943e-02,3.065e-02,3.080e-02
4.030e+00,3.910e-02,3.046e-02,3.061e-02
4.035e+00,3.878e-02,3.028e-02,3.044e-02
4.039e+00,3.848e-02,3.012e-02,3.027e-02
4.044e+00,3.820e-02,2.998e-02,3.013e-02
4.048e+00,3.792e-02,2.985e-02,3.000e-02
4.053e+00,3.767e-02,2.973e-02,2.988e-02
4.057e+00,3.742e-02,2.963e-02,2.978e-02
4.062e+00,3.720e-02,2.954e-02,2.969e-02
4.066e+00,3.698e-02,2.947e-02,2.962e-02
4.071e+00,3.679e-02,2.942e-02,2.956e-02
4.075e+00,3.660e-02,2.937e-02,2.952e-02
4.080e+00,3.644e-02,2.934e-02,2.949e-02
4.085e+00,3.629e-02,2.933e-02,2.948e-02
4.089e+00,3.615e-02,2.933e-02,2.948e-02
4.094e+00,3.603e-02,2.934e-02,2.949e-02
4.098e+00,3.592e-02,2.937e-02,2.951e-02
4.103e+00,3.583e-02,2.941e-02,2.955e-02
4.107e+00,3.576e-02,2.946e-02,2.960e-02
4.112e+00,3.570e-02,2.952e-02,2.967e-02
4.116e+00,3.565e-02,2.959e-02,2.974e-02
4.121e+00,3.562e-02,2.968e-02,2.983e-02
4.125e+00,3.561e-02,2.978e-02,2.993e-02
4.130e+00,3.561e-02,2.989e-02,3.004e-02
4.134e+00,3.562e-02,3.001e-02,3.016e-02
4.139e+00,3.565e-02,3.014e-02,3.029e-02
4.144e+00,3.569e-02,3.027e-02,3.043e-02
4.148e+00,3.574e-02,3.042e-02,3.057e-02
4.153e+00,3.581e-02,3.058e-02,3.073e-02
4.157e+00,3.589e-02,3.074e-02,3.090e-02
4.162e+00,3.598e-02,3.092e-02,3.107e-02
4.166e+00,3.608e-02,3.110e-02,3.125e-02
4.171e+00,3.620e-02,3.129e-02,3.144e-02
4.175e+00,3.633e-02,3.148e-02,3.164e-02
4.180e+00,3.647e-02,3.168e-02,3.184e-02
4.184e+00,3.662e-02,3.189e-02,3.205e-02
4.189e+00,3.678e-02,3.211e-02,3.227e-02
4.194e+00,3.695e-02,3.232e-02,3.249e-02
4.198e+00,3.713e-02,3.255e-02,3.271e-02
4.203e+00,3.732e-02,3.278e-02,3.294e-02
4.207e+00,3.751e-02,3.301e-02,3.317e-02
4.212e+00,3.772e-02,3.325e-02,3.341e-02
4.216e+00,3.793e-02,3.349e-02,3.365e-02
4.221e+00,3.816e-02,3.373e-02,3.390e-02
4.225e+00,3.839e-02,3.398e-02,3.415e-02
4.230e+00,3.862e-02,3.423e-02,3.440e-02
4.234e+00,3.887e-02,3.448e-02,3.465e-02
4.239e+00,3.912e-02,3.473e-02,3.491e-02
4.244e+00,3.937e-02,3.499e-02,3.517e-02
4.248e+00,3.963e-02,3.525e-02,3.542e-02
4.253e+00,3.990e-02,3.551e-02,3.569e-02
4.257e+00,4.017e-02,3.577e-02,3.595e-02
4.262e+00,4.045e-02,3.603e-02,3.621e-02
4.266e+00,4.073e-02,3.629e-02,3.647e-02
4.271e+00,4.101e-02,3.655e-02,3.674e-02
4.275e+00,4.130e-02,3.682e-02,3.700e-02
4.280e+00,4.159e-02,3.708e-02,3.727e-02
4.284e+00,4.189e-02,3.734e-02,3.753e-02
4.289e+00,4.218e-02,3.761e-02,3.779e-02
4.294e+00,4.248e-02,3.787e-02,3.806e-02
4.298e+00,4.278e-02,3.813e-02,3.832e-02
4.303e+00,4.309e-02,3.839e-02,3.858e-02
4.307e+00,4.339e-02,3.865e-02,3.884e-02
4.312e+00,4.370e-02,3.891e-02,3.910e-02
4.316e+00,4.401e-02,3.916e-02,3.936e-02
4.321e+00,4.432e-02,3.942e-02,3.962e-02
4.325e+00,4.463e-02,3.967e-02,3.987e-02
4.330e+00,4.494e-02,3.993e-02,4.012e-02
4.334e+00,4.525e-02,4.018e-02,4.038e-02
4.339e+00,4.556e-02,4.042e-02,4.063e-02
4.343e+00,4.588e-02,4.067e-02,4.087e-02
4.348e+00,4.619e-02,4.091e-02,4.112e-02
4.353e+00,4.650e-02,4.115e-02,4.136e-02
4.357e+00,4.681e-02,4.139e-02,4.160e-02
4.362e+00,4.712e-02,4.163e-02,4.184e-02
4.366e+00,4.743e-02,4.186e-02,4.207e-02
4.371e+00,4.773e-02,4.209e-02,4.231e-02
4.375e+00,4.804e-02,4.232e-02,4.253e-02
4.380e+00,4.835e-02,4.255e-02,4.276e-02
4.384e+00,4.865e-02,4.277e-02,4.298e-02
4.389e+00,4.895e-02,4.299e-02,4.320e-02
4.393e+00,4.925e-02,4.321e-02,4.342e-02
4.398e+00,4.955e-02,4.342e-02,4.364e-02
4.403e+00,4.985e-02,4.363e-02,4.385e-02
4.407e+00,5.014e-02,4.383e-02,4.405e-02
4.412e+00,5.043e-02,4.404e-02,4.426e-02
4.416e+00,5.072e-02,4.424e-02,4.446e-02
4.421e+00,5.101e-02,4.443e-02,4.465e-02
4.425e+00,5.130e-02,4.462e-02,4.485e-02
4.430e+00,5.158e-02,4.481e-02,4.504e-02
4.434e+00,5.186e-02,4.500e-02,4.522e-02
4.439e+00,5.213e-02,4.518e-02,4.540e-02
4.443e+00,5.241e-02,4.535e-02,4.558e-02
4.448e+00,5.268e-02,4.553e-02,4.575e-02
4.453e+00,5.295e-02,4.570e-02,4.592e-02
4.457e+00,5.321e-02,4.586e-02,4.609e-02
4.462e+00,5.347e-02,4.602e-02,4.625e-02
4.466e+00,5.373e-02,4.618e-02,4.641e-02
4.471e+00,5.398e-02,4.633e-02,4.656e-02
4.475e+00,5.423e-02,4.648e-02,4.671e-02
4.480e+00,5.448e-02,4.663e-02,4.686e-02
4.484e+00,5.472e-02,4.677e-02,4.700e-02
4.489e+00,5.496e-02,4.690e-02,4.714e-02
4.493e+00,5.520e-02,4.704e-02,4.727e-02
4.498e+00,5.543e-02,4.716e-02,4.740e-02
4.502e+00,5.566e-02,4.729e-02,4.753e-02
4.507e+00,5.588e-02,4.741e-02,4.765e-02
4.512e+00,5.610e-02,4.752e-02,4.776e-02
4.516e+00,5.632e-02,4.764e-02,4.787e-02
4.521e+00,5.653e-02,4.774e-02,4.798e-02
4.525e+00,5.674e-02,4.784e-02,4.808e-02
4.530e+00,5.694e-02,4.794e-02,4.818e-02
4.534e+00,5.714e-02,4.804e-02,4.828e-02
4.539e+00,5.734e-02,4.813e-02,4.837e-02
