w,A_C,A_D,N_D
0.000e+00,1.000e+00,1.000e+00,1.005e+00
8.173e-03,1.000e+00,1.000e+00,1.005e+00
1.635e-02,1.000e+00,1.000e+00,1.005e+00
2.452e-02,9.999e-01,9.999e-01,1.005e+00
3.269e-02,9.998e-01,9.998e-01,1.005e+00
4.087e-02,9.997e-01,9.997e-01,1.005e+00
4.904e-02,9.996e-01,9.996e-01,1.005e+00
5.721e-02,9.995e-01,9.995e-01,1.004e+00
6.539e-02,9.994e-01,9.993e-01,1.004e+00
7.356e-02,9.992e-01,9.992e-01,1.004e+00
8.173e-02,9.990e-01,9.990e-01,1.004e+00
8.990e-02,9.988e-01,9.988e-01,1.004e+00
9.808e-02,9.986e-01,9.985e-01,1.004e+00
1.063e-01,9.983e-01,9.983e-01,1.003e+00
1.144e-01,9.980e-01,9.980e-01,1.003e+00
1.226e-01,9.977e-01,9.977e-01,1.003e+00
1.308e-01,9.974e-01,9.974e-01,1.002e+00
1.389e-01,9.971e-01,9.971e-01,1.002e+00
1.471e-01,9.968e-01,9.967e-01,1.002e+00
1.553e-01,9.964e-01,9.963e-01,1.001e+00
1.635e-01,9.960e-01,9.959e-01,1.001e+00
1.716e-01,9.956e-01,9.955e-01,1.000e+00
1.798e-01,9.952e-01,9.951e-01,1.000e+00
1.880e-01,9.947e-01,9.946e-01,9.996e-01
1.962e-01,9.942e-01,9.941e-01,9.991e-01
2.043e-01,9.938e-01,9.936e-01,9.986e-01
2.125e-01,9.932e-01,9.931e-01,9.981e-01
2.207e-01,9.927e-01,9.926e-01,9.975e-01
2.288e-01,9.922e-01,9.920e-01,9.970e-01
2.370e-01,9.916e-01,9.914e-01,9.964e-01
2.452e-01,9.910e-01,9.908e-01,9.958e-01
2.534e-01,9.904e-01,9.902e-01,9.952e-01
2.615e-01,9.898e-01,9.896e-01,9.945e-01
2.697e-01,9.891e-01,9.889e-01,9.939e-01
2.779e-01,9.885e-01,9.882e-01,9.932e-01
2.861e-01,9.878e-01,9.875e-01,9.925e-01
2.942e-01,9.871e-01,9.868e-01,9.918e-01
3.024e-01,9.863e-01,9.861e-01,9.910e-01
3.106e-01,9.856e-01,9.853e-01,9.903e-01
3.188e-01,9.848e-01,9.845e-01,9.895e-01
3.269e-01,9.841e-01,9.838e-01,9.887e-01
3.351e-01,9.833e-01,9.829e-01,9.878e-01
3.433e-01,9.824e-01,9.821e-01,9.870e-01
3.514e-01,9.816e-01,9.812e-01,9.861e-01
3.596e-01,9.807e-01,9.804e-01,9.853e-01
3.678e-01,9.799e-01,9.795e-01,9.844e-01
3.760e-01,9.790e-01,9.786e-01,9.834e-01
3.841e-01,9.780e-01,9.776e-01,9.825e-01
3.923e-01,9.771e-01,9.767e-01,9.815e-01
4.005e-01,9.761e-01,9.757e-01,9.806e-01
4.087e-01,9.752e-01,9.747e-01,9.796e-01
4.168e-01,9.742e-01,9.737e-01,9.786e-01
4.250e-01,9.732e-01,9.726e-01,9.775e-01
4.332e-01,9.721e-01,9.716e-01,9.765e-01
4.413e-01,9.711e-01,9.705e-01,9.754e-01
4.495e-01,9.700e-01,9.694e-01,9.743e-01
4.577e-01,9.689e-01,9.683e-01,9.732e-01
4.659e-01,9.678e-01,9.672e-01,9.720e-01
4.740e-01,9.667e-01,9.661e-01,9.709e-01
4.822e-01,9.656e-01,9.649e-01,9.697e-01
4.904e-01,9.644e-01,9.637e-01,9.685e-01
4.986e-01,9.632e-01,9.625e-01,9.673e-01
5.067e-01,9.620e-01,9.613e-01,9.661e-01
5.149e-01,9.608e-01,9.600e-01,9.648e-01
5.231e-01,9.596e-01,9.588e-01,9.636e-01
5.313e-01,9.583e-01,9.575e-01,9.623e-01
5.394e-01,9.570e-01,9.562e-01,9.610e-01
5.476e-01,9.557e-01,9.549e-01,9.597e-01
5.558e-01,9.544e-01,9.536e-01,9.583e-01
5.639e-01,9.531e-01,9.522e-01,9.570e-01
5.721e-01,9.518e-01,9.508e-01,9.556e-01
5.803e-01,9.504e-01,9.494e-01,9.542e-01
5.885e-01,9.490e-01,9.480e-01,9.528e-01
5.966e-01,9.476e-01,9.466e-01,9.514e-01
6.048e-01,9.462e-01,9.452e-01,9.499e-01
6.130e-01,9.448e-01,9.437e-01,9.484e-01
6.212e-01,9.433e-01,9.422e-01,9.469e-01
6.293e-01,9.418e-01,9.407e-01,9.454e-01
6.375e-01,9.404e-01,9.392e-01,9.439e-01
6.457e-01,9.388e-01,9.377e-01,9.424e-01
6.539e-01,9.373e-01,9.361e-01,9.408e-01
6.620e-01,9.358e-01,9.346e-01,9.392e-01
6.702e-01,9.342e-01,9.330e-01,9.377e-01
6.784e-01,9.327e-01,9.314e-01,9.360e-01
6.865e-01,9.311e-01,9.298e-01,9.344e-01
6.947e-01,9.295e-01,9.281e-01,9.328e-01
7.029e-01,9.278e-01,9.265e-01,9.311e-01
7.111e-01,9.262e-01,9.248e-01,9.294e-01
7.192e-01,9.245e-01,9.231e-01,9.277e-01
7.274e-01,9.228e-01,9.214e-01,9.260e-01
7.356e-01,9.212e-01,9.197e-01,9.243e-01
7.438e-01,9.194e-01,9.179e-01,9.225e-01
7.519e-01,9.177e-01,9.162e-01,9.208e-01
7.601e-01,9.160e-01,9.144e-01,9.190e-01
7.683e-01,9.142e-01,9.126e-01,9.172e-01
7.764e-01,9.124e-01,9.108e-01,9.154e-01
7.846e-01,9.106e-01,9.090e-01,9.135e-01
7.928e-01,9.088e-01,9.072e-01,9.117e-01
8.010e-01,9.070e-01,9.053e-01,9.098e-01
8.091e-01,9.052e-01,9.034e-01,9.079e-01
8.173e-01,9.033e-01,9.015e-01,9.060e-01
8.255e-01,9.014e-01,8.996e-01,9.041e-01
8.337e-01,8.996e-01,8.977e-01,9.022e-01
8.418e-01,8.977e-01,8.958e-01,9.002e-01
8.500e-01,8.957e-01,8.938e-01,8.983e-01
8.582e-01,8.938e-01,8.918e-01,8.963e-01
8.664e-01,8.918e-01,8.899e-01,8.943e-01
8.745e-01,8.899e-01,8.879e-01,8.923e-01
8.827e-01,8.879e-01,8.858e-01,8.903e-01
8.909e-01,8.859e-01,8.838e-01,8.882e-01
8.990e-01,8.839e-01,8.818e-01,8.862e-01
9.072e-01,8.819e-01,8.797e-01,8.841e-01
9.154e-01,8.798e-01,8.776e-01,8.820e-01
9.236e-01,8.778e-01,8.755e-01,8.799e-01
9.317e-01,8.757e-01,8.734e-01,8.778e-01
9.399e-01,8.736e-01,8.713e-01,8.757e-01
9.481e-01,8.715e-01,8.692e-01,8.735e-01
9.563e-01,8.694e-01,8.670e-01,8.714e-01
9.644e-01,8.673e-01,8.649e-01,8.692e-01
9.726e-01,8.651e-01,8.627e-01,8.670e-01
9.808e-01,8.630e-01,8.605e-01,8.648e-01
9.889e-01,8.608e-01,8.583e-01,8.626e-01
9.971e-01,8.586e-01,8.561e-01,8.603e-01
1.005e+00,8.564e-01,8.538e-01,8.581e-01
1.013e+00,8.542e-01,8.516e-01,8.558e-01
1.022e+00,8.519e-01,8.493e-01,8.535e-01
1.030e+00,8.497e-01,8.470e-01,8.513e-01
1.038e+00,8.474e-01,8.447e-01,8.489e-01
1.046e+00,8.452e-01,8.424e-01,8.466e-01
1.054e+00,8.429e-01,8.401e-01,8.443e-01
1.063e+00,8.406e-01,8.378e-01,8.419e-01
1.071e+00,8.383e-01,8.354e-01,8.396e-01
1.079e+00,8.360e-01,8.331e-01,8.372e-01
1.087e+00,8.336e-01,8.307e-01,8.348e-01
1.095e+00,8.313e-01,8.283e-01,8.324e-01
1.103e+00,8.289e-01,8.259e-01,8.300e-01
1.112e+00,8.265e-01,8.235e-01,8.276e-01
1.120e+00,8.241e-01,8.211e-01,8.252e-01
1.128e+00,8.217e-01,8.186e-01,8.227e-01
1.136e+00,8.193e-01,8.162e-01,8.202e-01
1.144e+00,8.169e-01,8.137e-01,8.178e-01
1.152e+00,8.145e-01,8.112e-01,8.153e-01
1.161e+00,8.120e-01,8.087e-01,8.128e-01
1.169e+00,8.095e-01,8.062e-01,8.103e-01
1.177e+00,8.071e-01,8.037e-01,8.077e-01
1.185e+00,8.046e-01,8.012e-01,8.052e-01
1.193e+00,8.021e-01,7.987e-01,8.027e-01
1.201e+00,7.996e-01,7.961e-01,8.001e-01
1.210e+00,7.970e-01,7.936e-01,7.975e-01
1.218e+00,7.945e-01,7.910e-01,7.949e-01
1.226e+00,7.920e-01,7.884e-01,7.923e-01
1.234e+00,7.894e-01,7.858e-01,7.897e-01
1.242e+00,7.868e-01,7.832e-01,7.871e-01
1.250e+00,7.843e-01,7.806e-01,7.845e-01
1.259e+00,7.817e-01,7.780e-01,7.818e-01
1.267e+00,7.791e-01,7.753e-01,7.792e-01
1.275e+00,7.765e-01,7.727e-01,7.765e-01
1.283e+00,7.738e-01,7.700e-01,7.739e-01
1.291e+00,7.712e-01,7.673e-01,7.712e-01
1.300e+00,7.686e-01,7.647e-01,7.685e-01
1.308e+00,7.659e-01,7.620e-01,7.658e-01
1.316e+00,7.632e-01,7.593e-01,7.631e-01
1.324e+00,7.606e-01,7.566e-01,7.603e-01
1.332e+00,7.579e-01,7.538e-01,7.576e-01
1.340e+00,7.552e-01,7.511e-01,7.549e-01
1.349e+00,7.525e-01,7.484e-01,7.521e-01
1.357e+00,7.498e-01,7.456e-01,7.493e-01
1.365e+00,7.470e-01,7.428e-01,7.466e-01
1.373e+00,7.443e-01,7.401e-01,7.438e-01
1.381e+00,7.416e-01,7.373e-01,7.410e-01
1.389e+00,7.388e-01,7.345e-01,7.382e-01
1.398e+00,7.361e-01,7.317e-01,7.354e-01
1.406e+00,7.333e-01,7.289e-01,7.326e-01
1.414e+00,7.305e-01,7.261e-01,7.297e-01
1.422e+00,7.277e-01,7.233e-01,7.269e-01
1.430e+00,7.249e-01,7.204e-01,7.240e-01
1.438e+00,7.221e-01,7.176e-01,7.212e-01
1.447e+00,7.193e-01,7.147e-01,7.183e-01
1.455e+00,7.165e-01,7.119e-01,7.155e-01
1.463e+00,7.136e-01,7.090e-01,7.126e-01
1.471e+00,7.108e-01,7.062e-01,7.097e-01
1.479e+00,7.080e-01,7.033e-01,7.068e-01
1.488e+00,7.051e-01,7.004e-01,7.039e-01
1.496e+00,7.022e-01,6.975e-01,7.010e-01
1.504e+00,6.994e-01,6.946e-01,6.981e-01
1.512e+00,6.965e-01,6.917e-01,6.951e-01
1.520e+00,6.936e-01,6.888e-01,6.922e-01
1.528e+00,6.907e-01,6.858e-01,6.893e-01
1.537e+00,6.878e-01,6.829e-01,6.863e-01
1.545e+00,6.849e-01,6.799e-01,6.833e-01
1.553e+00,6.820e-01,6.770e-01,6.804e-01
1.561e+00,6.791e-01,6.740e-01,6.774e-01
1.569e+00,6.762e-01,6.711e-01,6.744e-01
1.577e+00,6.732e-01,6.681e-01,6.715e-01
1.586e+00,6.703e-01,6.651e-01,6.685e-01
1.594e+00,6.673e-01,6.622e-01,6.655e-01
1.602e+00,6.644e-01,6.592e-01,6.625e-01
1.610e+00,6.614e-01,6.562e-01,6.595e-01
1.618e+00,6.585e-01,6.532e-01,6.565e-01
1.626e+00,6.555e-01,6.502e-01,6.534e-01
1.635e+00,6.525e-01,6.472e-01,6.504e-01
1.643e+00,6.495e-01,6.442e-01,6.474e-01
1.651e+00,6.465e-01,6.411e-01,6.443e-01
1.659e+00,6.435e-01,6.381e-01,6.413e-01
1.667e+00,6.405e-01,6.351e-01,6.383e-01
1.675e+00,6.375e-01,6.320e-01,6.352e-01
1.684e+00,6.345e-01,6.290e-01,6.322e-01
1.692e+00,6.315e-01,6.260e-01,6.291e-01
1.700e+00,6.285e-01,6.229e-01,6.260e-01
1.708e+00,6.255e-01,6.199e-01,6.230e-01
1.716e+00,6.224e-01,6.168e-01,6.199e-01
1.725e+00,6.194e-01,6.137e-01,6.168e-01
1.733e+00,6.163e-01,6.107e-01,6.137e-01
1.741e+00,6.133e-01,6.076e-01,6.106e-01
1.749e+00,6.103e-01,6.045e-01,6.075e-01
1.757e+00,6.072e-01,6.014e-01,6.044e-01
1.765e+00,6.041e-01,5.984e-01,6.013e-01
1.774e+00,6.011e-01,5.953e-01,5.982e-01
1.782e+00,5.980e-01,5.922e-01,5.951e-01
1.790e+00,5.950e-01,5.891e-01,5.920e-01
1.798e+00,5.919e-01,5.860e-01,5.889e-01
1.806e+00,5.888e-01,5.829e-01,5.858e-01
1.814e+00,5.857e-01,5.798e-01,5.827e-01
1.823e+00,5.827e-01,5.767e-01,5.796e-01
1.831e+00,5.796e-01,5.736e-01,5.764e-01
1.839e+00,5.765e-01,5.705e-01,5.733e-01
1.847e+00,5.734e-01,5.673e-01,5.702e-01
1.855e+00,5.703e-01,5.642e-01,5.670e-01
1.863e+00,5.672e-01,5.611e-01,5.639e-01
1.872e+00,5.641e-01,5.580e-01,5.608e-01
1.880e+00,5.610e-01,5.549e-01,5.576e-01
1.888e+00,5.579e-01,5.517e-01,5.545e-01
1.896e+00,5.548e-01,5.486e-01,5.513e-01
1.904e+00,5.517e-01,5.455e-01,5.482e-01
1.913e+00,5.486e-01,5.423e-01,5.451e-01
1.921e+00,5.455e-01,5.392e-01,5.419e-01
1.929e+00,5.424e-01,5.361e-01,5.388e-01
1.937e+00,5.392e-01,5.329e-01,5.356e-01
1.945e+00,5.361e-01,5.298e-01,5.325e-01
1.953e+00,5.330e-01,5.267e-01,5.293e-01
1.962e+00,5.299e-01,5.235e-01,5.262e-01
1.970e+00,5.268e-01,5.204e-01,5.230e-01
1.978e+00,5.237e-01,5.173e-01,5.198e-01
1.986e+00,5.205e-01,5.141e-01,5.167e-01
1.994e+00,5.174e-01,5.110e-01,5.135e-01
2.002e+00,5.143e-01,5.078e-01,5.104e-01
2.011e+00,5.112e-01,5.047e-01,5.072e-01
2.019e+00,5.080e-01,5.016e-01,5.041e-01
2.027e+00,5.049e-01,4.984e-01,5.009e-01
2.035e+00,5.018e-01,4.953e-01,4.978e-01
2.043e+00,4.987e-01,4.921e-01,4.946e-01
2.051e+00,4.956e-01,4.890e-01,4.914e-01
2.060e+00,4.924e-01,4.859e-01,4.883e-01
2.068e+00,4.893e-01,4.827e-01,4.851e-01
2.076e+00,4.862e-01,4.796e-01,4.820e-01
2.084e+00,4.831e-01,4.764e-01,4.788e-01
2.092e+00,4.799e-01,4.733e-01,4.757e-01
2.100e+00,4.768e-01,4.702e-01,4.725e-01
2.109e+00,4.737e-01,4.670e-01,4.694e-01
2.117e+00,4.706e-01,4.639e-01,4.662e-01
2.125e+00,4.675e-01,4.608e-01,4.631e-01
2.133e+00,4.643e-01,4.577e-01,4.599e-01
2.141e+00,4.612e-01,4.545e-01,4.568e-01
2.150e+00,4.581e-01,4.514e-01,4.537e-01
2.158e+00,4.550e-01,4.483e-01,4.505e-01
2.166e+00,4.519e-01,4.452e-01,4.474e-01
2.174e+00,4.488e-01,4.420e-01,4.442e-01
2.182e+00,4.457e-01,4.389e-01,4.411e-01
2.190e+00,4.426e-01,4.358e-01,4.380e-01
2.199e+00,4.395e-01,4.327e-01,4.349e-01
2.207e+00,4.363e-01,4.296e-01,4.317e-01
2.215e+00,4.332e-01,4.265e-01,4.286e-01
2.223e+00,4.302e-01,4.234e-01,4.255e-01
2.231e+00,4.271e-01,4.203e-01,4.224e-01
2.239e+00,4.240e-01,4.172e-01,4.193e-01
2.248e+00,4.209e-01,4.141e-01,4.161e-01
2.256e+00,4.178e-01,4.110e-01,4.130e-01
2.264e+00,4.147e-01,4.079e-01,4.099e-01
2.272e+00,4.116e-01,4.048e-01,4.068e-01
2.280e+00,4.085e-01,4.017e-01,4.037e-01
2.288e+00,4.055e-01,3.986e-01,4.006e-01
2.297e+00,4.024e-01,3.956e-01,3.975e-01
2.305e+00,3.993e-01,3.925e-01,3.945e-01
2.313e+00,3.963e-01,3.894e-01,3.914e-01
2.321e+00,3.932e-01,3.864e-01,3.883e-01
2.329e+00,3.901e-01,3.833e-01,3.852e-01
2.338e+00,3.871e-01,3.802e-01,3.822e-01
2.346e+00,3.840e-01,3.772e-01,3.791e-01
2.354e+00,3.810e-01,3.742e-01,3.760e-01
2.362e+00,3.779e-01,3.711e-01,3.730e-01
2.370e+00,3.749e-01,3.681e-01,3.699e-01
2.378e+00,3.719e-01,3.650e-01,3.669e-01
2.387e+00,3.688e-01,3.620e-01,3.638e-01
2.395e+00,3.658e-01,3.590e-01,3.608e-01
2.403e+00,3.628e-01,3.560e-01,3.578e-01
2.411e+00,3.598e-01,3.530e-01,3.547e-01
2.419e+00,3.568e-01,3.500e-01,3.517e-01
2.427e+00,3.538e-01,3.470e-01,3.487e-01
2.436e+00,3.508e-01,3.440e-01,3.457e-01
2.444e+00,3.478e-01,3.410e-01,3.427e-01
2.452e+00,3.448e-01,3.380e-01,3.397e-01
2.460e+00,3.418e-01,3.350e-01,3.367e-01
2.468e+00,3.388e-01,3.320e-01,3.337e-01
2.476e+00,3.358e-01,3.291e-01,3.307e-01
2.485e+00,3.329e-01,3.261e-01,3.277e-01
2.493e+00,3.299e-01,3.232e-01,3.248e-01
2.501e+00,3.270e-01,3.202e-01,3.218e-01
2.509e+00,3.240e-01,3.173e-01,3.188e-01
2.517e+00,3.211e-01,3.143e-01,3.159e-01
2.525e+00,3.181e-01,3.114e-01,3.130e-01
2.534e+00,3.152e-01,3.085e-01,3.100e-01
2.542e+00,3.123e-01,3.056e-01,3.071e-01
2.550e+00,3.093e-01,3.027e-01,3.042e-01
2.558e+00,3.064e-01,2.997e-01,3.012e-01
2.566e+00,3.035e-01,2.969e-01,2.983e-01
2.575e+00,3.006e-01,2.940e-01,2.954e-01
2.583e+00,2.977e-01,2.911e-01,2.925e-01
2.591e+00,2.948e-01,2.882e-01,2.897e-01
2.599e+00,2.919e-01,2.853e-01,2.868e-01
2.607e+00,2.891e-01,2.825e-01,2.839e-01
2.615e+00,2.862e-01,2.796e-01,2.810e-01
2.624e+00,2.833e-01,2.768e-01,2.782e-01
2.632e+00,2.805e-01,2.740e-01,2.753e-01
2.640e+00,2.777e-01,2.711e-01,2.725e-01
2.648e+00,2.748e-01,2.683e-01,2.696e-01
2.656e+00,2.720e-01,2.655e-01,2.668e-01
2.664e+00,2.692e-01,2.627e-01,2.640e-01
2.673e+00,2.663e-01,2.599e-01,2.612e-01
2.681e+00,2.635e-01,2.571e-01,2.584e-01
2.689e+00,2.607e-01,2.543e-01,2.556e-01
2.697e+00,2.579e-01,2.515e-01,2.528e-01
2.705e+00,2.552e-01,2.488e-01,2.500e-01
2.713e+00,2.524e-01,2.460e-01,2.473e-01
2.722e+00,2.496e-01,2.433e-01,2.445e-01
2.730e+00,2.469e-01,2.405e-01,2.417e-01
2.738e+00,2.441e-01,2.378e-01,2.390e-01
2.746e+00,2.414e-01,2.351e-01,2.363e-01
2.754e+00,2.386e-01,2.324e-01,2.335e-01
2.763e+00,2.359e-01,2.297e-01,2.308e-01
2.771e+00,2.332e-01,2.270e-01,2.281e-01
2.779e+00,2.305e-01,2.243e-01,2.254e-01
2.787e+00,2.278e-01,2.216e-01,2.227e-01
2.795e+00,2.251e-01,2.190e-01,2.201e-01
2.803e+00,2.224e-01,2.163e-01,2.174e-01
2.812e+00,2.197e-01,2.137e-01,2.147e-01
2.820e+00,2.171e-01,2.110e-01,2.121e-01
2.828e+00,2.144e-01,2.084e-01,2.094e-01
2.836e+00,2.118e-01,2.058e-01,2.068e-01
2.844e+00,2.091e-01,2.032e-01,2.042e-01
2.852e+00,2.065e-01,2.006e-01,2.016e-01
2.861e+00,2.039e-01,1.980e-01,1.990e-01
2.869e+00,2.013e-01,1.954e-01,1.964e-01
2.877e+00,1.987e-01,1.928e-01,1.938e-01
2.885e+00,1.961e-01,1.903e-01,1.912e-01
2.893e+00,1.935e-01,1.877e-01,1.887e-01
2.901e+00,1.909e-01,1.852e-01,1.861e-01
2.910e+00,1.884e-01,1.827e-01,1.836e-01
2.918e+00,1.858e-01,1.801e-01,1.810e-01
2.926e+00,1.833e-01,1.776e-01,1.785e-01
2.934e+00,1.807e-01,1.751e-01,1.760e-01
2.942e+00,1.782e-01,1.726e-01,1.735e-01
2.951e+00,1.757e-01,1.702e-01,1.710e-01
2.959e+00,1.732e-01,1.677e-01,1.685e-01
2.967e+00,1.707e-01,1.652e-01,1.661e-01
2.975e+00,1.682e-01,1.628e-01,1.636e-01
2.983e+00,1.658e-01,1.604e-01,1.612e-01
2.991e+00,1.633e-01,1.579e-01,1.587e-01
3.000e+00,1.609e-01,1.555e-01,1.563e-01
3.008e+00,1.584e-01,1.531e-01,1.539e-01
3.016e+00,1.560e-01,1.507e-01,1.515e-01
3.024e+00,1.536e-01,1.484e-01,1.491e-01
3.032e+00,1.512e-01,1.460e-01,1.467e-01
3.040e+00,1.488e-01,1.436e-01,1.444e-01
3.049e+00,1.464e-01,1.413e-01,1.420e-01
3.057e+00,1.440e-01,1.390e-01,1.396e-01
3.065e+00,1.417e-01,1.366e-01,1.373e-01
3.073e+00,1.393e-01,1.343e-01,1.350e-01
3.081e+00,1.370e-01,1.320e-01,1.327e-01
3.089e+00,1.346e-01,1.297e-01,1.304e-01
3.098e+00,1.323e-01,1.275e-01,1.281e-01
3.106e+00,1.300e-01,1.252e-01,1.258e-01
3.114e+00,1.277e-01,1.229e-01,1.235e-01
3.122e+00,1.254e-01,1.207e-01,1.213e-01
3.130e+00,1.231e-01,1.185e-01,1.190e-01
3.138e+00,1.209e-01,1.162e-01,1.168e-01
3.147e+00,1.186e-01,1.140e-01,1.146e-01
3.155e+00,1.164e-01,1.118e-01,1.124e-01
3.163e+00,1.142e-01,1.096e-01,1.102e-01
3.171e+00,1.119e-01,1.075e-01,1.080e-01
3.179e+00,1.097e-01,1.053e-01,1.058e-01
3.188e+00,1.075e-01,1.032e-01,1.037e-01
3.196e+00,1.054e-01,1.010e-01,1.015e-01
3.204e+00,1.032e-01,9.890e-02,9.940e-02
3.212e+00,1.010e-01,9.679e-02,9.728e-02
3.220e+00,9.889e-02,9.469e-02,9.516e-02
3.228e+00,9.675e-02,9.260e-02,9.307e-02
3.237e+00,9.463e-02,9.053e-02,9.098e-02
3.245e+00,9.252e-02,8.846e-02,8.891e-02
3.253e+00,9.042e-02,8.641e-02,8.684e-02
3.261e+00,8.833e-02,8.437e-02,8.479e-02
3.269e+00,8.625e-02,8.235e-02,8.276e-02
3.277e+00,8.419e-02,8.033e-02,8.073e-02
3.286e+00,8.214e-02,7.833e-02,7.872e-02
3.294e+00,8.010e-02,7.634e-02,7.672e-02
3.302e+00,7.807e-02,7.436e-02,7.473e-02
3.310e+00,7.606e-02,7.240e-02,7.276e-02
3.318e+00,7.406e-02,7.044e-02,7.080e-02
3.326e+00,7.207e-02,6.851e-02,6.885e-02
3.335e+00,7.009e-02,6.658e-02,6.691e-02
3.343e+00,6.812e-02,6.466e-02,6.499e-02
3.351e+00,6.617e-02,6.276e-02,6.308e-02
3.359e+00,6.423e-02,6.087e-02,6.118e-02
3.367e+00,6.230e-02,5.900e-02,5.929e-02
3.376e+00,6.038e-02,5.713e-02,5.742e-02
3.384e+00,5.848e-02,5.528e-02,5.556e-02
3.392e+00,5.659e-02,5.344e-02,5.371e-02
3.400e+00,5.471e-02,5.162e-02,5.187e-02
3.408e+00,5.284e-02,4.980e-02,5.005e-02
3.416e+00,5.099e-02,4.800e-02,4.824e-02
3.425e+00,4.915e-02,4.621e-02,4.645e-02
3.433e+00,4.732e-02,4.444e-02,4.466e-02
3.441e+00,4.550e-02,4.268e-02,4.289e-02
3.449e+00,4.370e-02,4.093e-02,4.113e-02
3.457e+00,4.191e-02,3.919e-02,3.939e-02
3.465e+00,4.013e-02,3.747e-02,3.766e-02
3.474e+00,3.837e-02,3.576e-02,3.594e-02
3.482e+00,3.661e-02,3.406e-02,3.423e-02
3.490e+00,3.487e-02,3.238e-02,3.254e-02
3.498e+00,3.315e-02,3.071e-02,3.086e-02
3.506e+00,3.143e-02,2.905e-02,2.919e-02
3.514e+00,2.973e-02,2.740e-02,2.754e-02
3.523e+00,2.804e-02,2.577e-02,2.590e-02
3.531e+00,2.637e-02,2.415e-02,2.427e-02
3.539e+00,2.470e-02,2.254e-02,2.266e-02
3.547e+00,2.305e-02,2.095e-02,2.105e-02
3.555e+00,2.141e-02,1.937e-02,1.947e-02
3.563e+00,1.979e-02,1.780e-02,1.789e-02
3.572e+00,1.818e-02,1.625e-02,1.633e-02
3.580e+00,1.658e-02,1.470e-02,1.478e-02
3.588e+00,1.499e-02,1.318e-02,1.324e-02
3.596e+00,1.342e-02,1.166e-02,1.172e-02
3.604e+00,1.186e-02,1.016e-02,1.021e-02
3.613e+00,1.031e-02,8.669e-03,8.712e-03
3.621e+00,8.778e-03,7.192e-03,7.228e-03
3.629e+00,7.256e-03,5.729e-03,5.757e-03
3.637e+00,5.748e-03,4.278e-03,4.300e-03
3.645e+00,4.252e-03,2.841e-03,2.855e-03
3.653e+00,2.769e-03,1.417e-03,1.424e-03
3.662e+00,1.300e-03,5.360e-06,5.387e-06
3.670e+00,1.573e-04,1.393e-03,1.400e-03
3.678e+00,1.601e-03,2.778e-03,2.792e-03
3.686e+00,3.032e-03,4.150e-03,4.171e-03
3.694e+00,4.450e-03,5.510e-03,5.537e-03
3.702e+00,5.855e-03,6.856e-03,6.890e-03
3.711e+00,7.248e-03,8.189e-03,8.230e-03
3.719e+00,8.627e-03,9.509e-03,9.557e-03
3.727e+00,9.993e-03,1.082e-02,1.087e-02
3.735e+00,1.135e-02,1.211e-02,1.217e-02
3.743e+00,1.269e-02,1.339e-02,1.346e-02
3.751e+00,1.401e-02,1.466e-02,1.473e-02
3.760e+00,1.533e-02,1.592e-02,1.599e-02
3.768e+00,1.663e-02,1.716e-02,1.724e-02
3.776e+00,1.792e-02,1.839e-02,1.848e-02
3.784e+00,1.920e-02,1.960e-02,1.970e-02
3.792e+00,2.046e-02,2.081e-02,2.091e-02
3.801e+00,2.171e-02,2.200e-02,2.211e-02
3.809e+00,2.295e-02,2.318e-02,2.329e-02
3.817e+00,2.417e-02,2.434e-02,2.446e-02
3.825e+00,2.538e-02,2.549e-02,2.562e-02
3.833e+00,2.658e-02,2.663e-02,2.676e-02
3.841e+00,2.777e-02,2.776e-02,2.790e-02
3.850e+00,2.894e-02,2.887e-02,2.902e-02
3.858e+00,3.010e-02,2.997e-02,3.012e-02
3.866e+00,3.125e-02,3.106e-02,3.122e-02
3.874e+00,3.238e-02,3.214e-02,3.230e-02
3.882e+00,3.350e-02,3.320e-02,3.336e-02
3.890e+00,3.461e-02,3.425e-02,3.442e-02
3.899e+00,3.571e-02,3.529e-02,3.546e-02
3.907e+00,3.679e-02,3.631e-02,3.649e-02
3.915e+00,3.786e-02,3.732e-02,3.751e-02
3.923e+00,3.892e-02,3.832e-02,3.851e-02
3.931e+00,3.997e-02,3.931e-02,3.950e-02
3.939e+00,4.100e-02,4.028e-02,4.048e-02
3.948e+00,4.202e-02,4.124e-02,4.145e-02
3.956e+00,4.303e-02,4.219e-02,4.240e-02
3.964e+00,4.402e-02,4.313e-02,4.334e-02
3.972e+00,4.501e-02,4.405e-02,4.427e-02
3.980e+00,4.598e-02,4.496e-02,4.519e-02
3.988e+00,4.693e-02,4.586e-02,4.609e-02
3.997e+00,4.788e-02,4.675e-02,4.698e-02
4.005e+00,4.881e-02,4.762e-02,4.786e-02
4.013e+00,4.973e-02,4.849e-02,4.873e-02
4.021e+00,5.064e-02,4.934e-02,4.958e-02
4.029e+00,5.153e-02,5.017e-02,5.042e-02
4.038e+00,5.242e-02,5.100e-02,5.125e-02
4.046e+00,5.329e-02,5.181e-02,5.207e-02
4.054e+00,5.415e-02,5.261e-02,5.288e-02
4.062e+00,5.499e-02,5.340e-02,5.367e-02
4.070e+00,5.583e-02,5.418e-02,5.445e-02
4.078e+00,5.665e-02,5.494e-02,5.522e-02
4.087e+00,5.746e-02,5.570e-02,5.597e-02
4.095e+00,5.825e-02,5.644e-02,5.672e-02
4.103e+00,5.904e-02,5.716e-02,5.745e-02
4.111e+00,5.981e-02,5.788e-02,5.817e-02
4.119e+00,6.057e-02,5.859e-02,5.888e-02
4.127e+00,6.132e-02,5.928e-02,5.957e-02
4.136e+00,6.206e-02,5.996e-02,6.026e-02
4.144e+00,6.278e-02,6.063e-02,6.093e-02
4.152e+00,6.349e-02,6.129e-02,6.159e-02
4.160e+00,6.420e-02,6.193e-02,6.224e-02
4.168e+00,6.488e-02,6.257e-02,6.288e-02
4.176e+00,6.556e-02,6.319e-02,6.350e-02
4.185e+00,6.623e-02,6.380e-02,6.412e-02
4.193e+00,6.688e-02,6.440e-02,6.472e-02
4.201e+00,6.752e-02,6.499e-02,6.531e-02
4.209e+00,6.815e-02,6.556e-02,6.589e-02
4.217e+00,6.877e-02,6.613e-02,6.646e-02
4.226e+00,6.938e-02,6.668e-02,6.701e-02
4.234e+00,6.997e-02,6.722e-02,6.756e-02
4.242e+00,7.055e-02,6.775e-02,6.809e-02
4.250e+00,7.113e-02,6.827e-02,6.861e-02
4.258e+00,7.169e-02,6.878e-02,6.912e-02
4.266e+00,7.223e-02,6.928e-02,6.962e-02
4.275e+00,7.277e-02,6.976e-02,7.011e-02
4.283e+00,7.330e-02,7.024e-02,7.059e-02
4.291e+00,7.381e-02,7.070e-02,7.106e-02
4.299e+00,7.432e-02,7.115e-02,7.151e-02
4.307e+00,7.481e-02,7.160e-02,7.195e-02
4.315e+00,7.529e-02,7.203e-02,7.239e-02
4.324e+00,7.576e-02,7.245e-02,7.281e-02
4.332e+00,7.622e-02,7.286e-02,7.322e-02
4.340e+00,7.667e-02,7.326e-02,7.362e-02
4.348e+00,7.710e-02,7.364e-02,7.401e-02
4.356e+00,7.753e-02,7.402e-02,7.439e-02
4.364e+00,7.795e-02,7.439e-02,7.476e-02
4.373e+00,7.835e-02,7.474e-02,7.512e-02
4.381e+00,7.874e-02,7.509e-02,7.547e-02
4.389e+00,7.913e-02,7.543e-02,7.580e-02
4.397e+00,7.950e-02,7.575e-02,7.613e-02
4.405e+00,7.986e-02,7.606e-02,7.644e-02
4.413e+00,8.021e-02,7.637e-02,7.675e-02
4.422e+00,8.055e-02,7.666e-02,7.705e-02
4.430e+00,8.088e-02,7.695e-02,7.733e-02
4.438e+00,8.120e-02,7.722e-02,7.761e-02
4.446e+00,8.150e-02,7.748e-02,7.787e-02
4.454e+00,8.180e-02,7.774e-02,7.813e-02
4.463e+00,8.209e-02,7.798e-02,7.837e-02
4.471e+00,8.237e-02,7.821e-02,7.861e-02
4.479e+00,8.263e-02,7.844e-02,7.883e-02
4.487e+00,8.289e-02,7.865e-02,7.905e-02
4.495e+00,8.314e-02,7.886e-02,7.925e-02
4.503e+00,8.337e-02,7.905e-02,7.945e-02
4.512e+00,8.360e-02,7.924e-02,7.963e-02
4.520e+00,8.382e-02,7.941e-02,7.981e-02
4.528e+00,8.402e-02,7.958e-02,7.998e-02
4.536e+00,8.422e-02,7.973e-02,8.013e-02
4.544e+00,8.441e-02,7.988e-02,8.028e-02
4.552e+00,8.459e-02,8.002e-02,8.042e-02
4.561e+00,8.475e-02,8.015e-02,8.055e-02
4.569e+00,8.491e-02,8.027e-02,8.067e-02
4.577e+00,8.506e-02,8.038e-02,8.078e-02
4.585e+00,8.520e-02,8.048e-02,8.088e-02
4.593e+00,8.533e-02,8.057e-02,8.097e-02
4.601e+00,8.545e-02,8.065e-02,8.106e-02
4.610e+00,8.556e-02,8.073e-02,8.113e-02
4.618e+00,8.566e-02,8.079e-02,8.120e-02
4.626e+00,8.575e-02,8.085e-02,8.125e-02
4.634e+00,8.583e-02,8.090e-02,8.130e-02
4.642e+00,8.591e-02,8.093e-02,8.134e-02
4.651e+00,8.597e-02,8.096e-02,8.137e-02
4.659e+00,8.603e-02,8.099e-02,8.139e-02
4.667e+00,8.607e-02,8.100e-02,8.140e-02
4.675e+00,8.611e-02,8.100e-02,8.141e-02
4.683e+00,8.614e-02,8.100e-02,8.141e-02
4.691e+00,8.616e-02,8.099e-02,8.139e-02
4.700e+00,8.617e-02,8.097e-02,8.137e-02
4.708e+00,8.617e-02,8.094e-02,8.134e-02
4.716e+00,8.616e-02,8.090e-02,8.131e-02
4.724e+00,8.615e-02,8.086e-02,8.126e-02
4.732e+00,8.613e-02,8.081e-02,8.121e-02
4.740e+00,8.609e-02,8.075e-02,8.115e-02
4.749e+00,8.605e-02,8.068e-02,8.108e-02
4.757e+00,8.601e-02,8.060e-02,8.100e-02
4.765e+00,8.595e-02,8.052e-02,8.092e-02
4.773e+00,8.588e-02,8.043e-02,8.083e-02
4.781e+00,8.581e-02,8.033e-02,8.073e-02
4.789e+00,8.573e-02,8.022e-02,8.062e-02
4.798e+00,8.564e-02,8.011e-02,8.051e-02
4.806e+00,8.554e-02,7.998e-02,8.038e-02
4.814e+00,8.544e-02,7.985e-02,8.025e-02
4.822e+00,8.533e-02,7.972e-02,8.012e-02
4.830e+00,8.521e-02,7.957e-02,7.997e-02
4.838e+00,8.508e-02,7.942e-02,7.982e-02
4.847e+00,8.494e-02,7.927e-02,7.966e-02
4.855e+00,8.480e-02,7.910e-02,7.950e-02
4.863e+00,8.465e-02,7.893e-02,7.932e-02
4.871e+00,8.449e-02,7.875e-02,7.914e-02
4.879e+00,8.432e-02,7.856e-02,7.896e-02
4.888e+00,8.415e-02,7.837e-02,7.876e-02
4.896e+00,8.397e-02,7.817e-02,7.856e-02
4.904e+00,8.378e-02,7.797e-02,7.836e-02
4.912e+00,8.359e-02,7.776e-02,7.814e-02
4.920e+00,8.339e-02,7.754e-02,7.792e-02
4.928e+00,8.318e-02,7.731e-02,7.770e-02
4.937e+00,8.296e-02,7.708e-02,7.747e-02
4.945e+00,8.274e-02,7.684e-02,7.723e-02
4.953e+00,8.251e-02,7.660e-02,7.698e-02
4.961e+00,8.227e-02,7.635e-02,7.673e-02
4.969e+00,8.203e-02,7.609e-02,7.647e-02
4.977e+00,8.178e-02,7.583e-02,7.621e-02
4.986e+00,8.153e-02,7.556e-02,7.594e-02
4.994e+00,8.126e-02,7.529e-02,7.566e-02
5.002e+00,8.099e-02,7.501e-02,7.538e-02
5.010e+00,8.072e-02,7.472e-02,7.509e-02
5.018e+00,8.044e-02,7.443e-02,7.480e-02
5.026e+00,8.015e-02,7.413e-02,7.450e-02
5.035e+00,7.986e-02,7.383e-02,7.420e-02
5.043e+00,7.956e-02,7.352e-02,7.389e-02
5.051e+00,7.925e-02,7.321e-02,7.357e-02
5.059e+00,7.894e-02,7.289e-02,7.325e-02
5.067e+00,7.862e-02,7.256e-02,7.293e-02
5.076e+00,7.830e-02,7.223e-02,7.260e-02
5.084e+00,7.797e-02,7.190e-02,7.226e-02
5.092e+00,7.763e-02,7.156e-02,7.192e-02
5.100e+00,7.729e-02,7.121e-02,7.157e-02
5.108e+00,7.695e-02,7.086e-02,7.122e-02
5.116e+00,7.660e-02,7.051e-02,7.086e-02
5.125e+00,7.624e-02,7.015e-02,7.050e-02
5.133e+00,7.588e-02,6.979e-02,7.014e-02
5.141e+00,7.551e-02,6.942e-02,6.976e-02
5.149e+00,7.514e-02,6.904e-02,6.939e-02
5.157e+00,7.476e-02,6.867e-02,6.901e-02
5.165e+00,7.438e-02,6.828e-02,6.862e-02
5.174e+00,7.399e-02,6.790e-02,6.824e-02
5.182e+00,7.360e-02,6.750e-02,6.784e-02
5.190e+00,7.320e-02,6.711e-02,6.744e-02
5.198e+00,7.280e-02,6.671e-02,6.704e-02
5.206e+00,7.239e-02,6.630e-02,6.664e-02
5.214e+00,7.198e-02,6.590e-02,6.623e-02
5.223e+00,7.156e-02,6.548e-02,6.581e-02
5.231e+00,7.114e-02,6.507e-02,6.539e-02
5.239e+00,7.071e-02,6.465e-02,6.497e-02
5.247e+00,7.028e-02,6.422e-02,6.455e-02
5.255e+00,6.985e-02,6.380e-02,6.412e-02
5.264e+00,6.941e-02,6.337e-02,6.368e-02
5.272e+00,6.897e-02,6.293e-02,6.325e-02
5.280e+00,6.852e-02,6.249e-02,6.280e-02
5.288e+00,6.807e-02,6.205e-02,6.236e-02
5.296e+00,6.761e-02,6.160e-02,6.191e-02
5.304e+00,6.716e-02,6.116e-02,6.146e-02
5.313e+00,6.669e-02,6.070e-02,6.101e-02
5.321e+00,6.623e-02,6.025e-02,6.055e-02
5.329e+00,6.575e-02,5.979e-02,6.009e-02
5.337e+00,6.528e-02,5.933e-02,5.963e-02
5.345e+00,6.480e-02,5.886e-02,5.916e-02
5.353e+00,6.432e-02,5.840e-02,5.869e-02
5.362e+00,6.384e-02,5.793e-02,5.822e-02
5.370e+00,6.335e-02,5.745e-02,5.774e-02
5.378e+00,6.286e-02,5.698e-02,5.726e-02
5.386e+00,6.236e-02,5.650e-02,5.678e-02
5.394e+00,6.186e-02,5.602e-02,5.630e-02
5.402e+00,6.136e-02,5.553e-02,5.581e-02
5.411e+00,6.086e-02,5.504e-02,5.532e-02
5.419e+00,6.035e-02,5.456e-02,5.483e-02
5.427e+00,5.984e-02,5.406e-02,5.433e-02
5.435e+00,5.933e-02,5.357e-02,5.384e-02
5.443e+00,5.881e-02,5.307e-02,5.334e-02
5.451e+00,5.829e-02,5.258e-02,5.284e-02
5.460e+00,5.777e-02,5.208e-02,5.234e-02
5.468e+00,5.724e-02,5.157e-02,5.183e-02
5.476e+00,5.672e-02,5.107e-02,5.132e-02
5.484e+00,5.619e-02,5.056e-02,5.081e-02
5.492e+00,5.565e-02,5.005e-02,5.030e-02
5.501e+00,5.512e-02,4.954e-02,4.979e-02
5.509e+00,5.458e-02,4.903e-02,4.928e-02
5.517e+00,5.404e-02,4.852e-02,4.876e-02
5.525e+00,5.350e-02,4.800e-02,4.824e-02
5.533e+00,5.296e-02,4.748e-02,4.772e-02
5.541e+00,5.241e-02,4.697e-02,4.720e-02
5.550e+00,5.187e-02,4.645e-02,4.668e-02
5.558e+00,5.132e-02,4.592e-02,4.615e-02
5.566e+00,5.077e-02,4.540e-02,4.563e-02
5.574e+00,5.021e-02,4.488e-02,4.510e-02
5.582e+00,4.966e-02,4.435e-02,4.457e-02
5.590e+00,4.910e-02,4.382e-02,4.404e-02
5.599e+00,4.854e-02,4.330e-02,4.351e-02
5.607e+00,4.798e-02,4.277e-02,4.298e-02
5.615e+00,4.742e-02,4.224e-02,4.245e-02
5.623e+00,4.686e-02,4.171e-02,4.192e-02
5.631e+00,4.629e-02,4.118e-02,4.138e-02
5.639e+00,4.573e-02,4.064e-02,4.085e-02
5.648e+00,4.516e-02,4.011e-02,4.031e-02
5.656e+00,4.459e-02,3.958e-02,3.977e-02
5.664e+00,4.402e-02,3.904e-02,3.924e-02
5.672e+00,4.345e-02,3.851e-02,3.870e-02
5.680e+00,4.288e-02,3.797e-02,3.816e-02
5.689e+00,4.231e-02,3.743e-02,3.762e-02
5.697e+00,4.173e-02,3.690e-02,3.708e-02
5.705e+00,4.116e-02,3.636e-02,3.654e-02
5.713e+00,4.058e-02,3.582e-02,3.600e-02
5.721e+00,4.001e-02,3.528e-02,3.546e-02
5.729e+00,3.943e-02,3.475e-02,3.492e-02
5.738e+00,3.885e-02,3.421e-02,3.438e-02
5.746e+00,3.828e-02,3.367e-02,3.384e-02
5.754e+00,3.770e-02,3.313e-02,3.330e-02
5.762e+00,3.712e-02,3.259e-02,3.276e-02
5.770e+00,3.654e-02,3.205e-02,3.221e-02
5.778e+00,3.596e-02,3.152e-02,3.167e-02
5.787e+00,3.538e-02,3.098e-02,3.113e-02
5.795e+00,3.480e-02,3.044e-02,3.059e-02
5.803e+00,3.422e-02,2.990e-02,3.005e-02
5.811e+00,3.364e-02,2.937e-02,2.951e-02
5.819e+00,3.305e-02,2.883e-02,2.897e-02
5.827e+00,3.247e-02,2.829e-02,2.843e-02
5.836e+00,3.189e-02,2.776e-02,2.789e-02
5.844e+00,3.131e-02,2.722e-02,2.736e-02
5.852e+00,3.073e-02,2.668e-02,2.682e-02
5.860e+00,3.015e-02,2.615e-02,2.628e-02
5.868e+00,2.957e-02,2.562e-02,2.574e-02
5.876e+00,2.899e-02,2.508e-02,2.521e-02
5.885e+00,2.841e-02,2.455e-02,2.467e-02
5.893e+00,2.783e-02,2.402e-02,2.414e-02
5.901e+00,2.725e-02,2.349e-02,2.360e-02
5.909e+00,2.667e-02,2.296e-02,2.307e-02
5.917e+00,2.609e-02,2.243e-02,2.254e-02
5.926e+00,2.552e-02,2.190e-02,2.201e-02
5.934e+00,2.494e-02,2.137e-02,2.148e-02
5.942e+00,2.436e-02,2.085e-02,2.095e-02
5.950e+00,2.379e-02,2.032e-02,2.042e-02
5.958e+00,2.321e-02,1.980e-02,1.990e-02
5.966e+00,2.264e-02,1.928e-02,1.937e-02
5.975e+00,2.207e-02,1.875e-02,1.885e-02
5.983e+00,2.149e-02,1.823e-02,1.833e-02
5.991e+00,2.092e-02,1.772e-02,1.780e-02
5.999e+00,2.035e-02,1.720e-02,1.728e-02
6.007e+00,1.978e-02,1.668e-02,1.677e-02
6.015e+00,1.922e-02,1.617e-02,1.625e-02
6.024e+00,1.865e-02,1.565e-02,1.573e-02
6.032e+00,1.808e-02,1.514e-02,1.522e-02
6.040e+00,1.752e-02,1.463e-02,1.471e-02
6.048e+00,1.696e-02,1.413e-02,1.420e-02
6.056e+00,1.639e-02,1.362e-02,1.369e-02
6.064e+00,1.583e-02,1.311e-02,1.318e-02
6.073e+00,1.527e-02,1.261e-02,1.267e-02
6.081e+00,1.472e-02,1.211e-02,1.217e-02
6.089e+00,1.416e-02,1.161e-02,1.167e-02
6.097e+00,1.361e-02,1.111e-02,1.117e-02
6.105e+00,1.305e-02,1.062e-02,1.067e-02
6.114e+00,1.250e-02,1.012e-02,1.017e-02
6.122e+00,1.195e-02,9.630e-03,9.678e-03
6.130e+00,1.141e-02,9.140e-03,9.186e-03
6.138e+00,1.086e-02,8.653e-03,8.696e-03
6.146e+00,1.032e-02,8.167e-03,8.208e-03
6.154e+00,9.774e-03,7.683e-03,7.722e-03
6.163e+00,9.234e-03,7.202e-03,7.238e-03
6.171e+00,8.696e-03,6.722e-03,6.756e-03
6.179e+00,8.159e-03,6.245e-03,6.276e-03
6.187e+00,7.625e-03,5.770e-03,5.799e-03
6.195e+00,7.093e-03,5.298e-03,5.324e-03
6.203e+00,6.562e-03,4.827e-03,4.852e-03
6.212e+00,6.034e-03,4.360e-03,4.381e-03
6.220e+00,5.508e-03,3.894e-03,3.913e-03
6.228e+00,4.985e-03,3.431e-03,3.448e-03
6.236e+00,4.463e-03,2.970e-03,2.985e-03
6.244e+00,3.944e-03,2.512e-03,2.525e-03
6.252e+00,3.427e-03,2.056e-03,2.067e-03
6.261e+00,2.912e-03,1.603e-03,1.611e-03
6.269e+00,2.400e-03,1.153e-03,1.158e-03
6.277e+00,1.891e-03,7.047e-04,7.082e-04
6.285e+00,1.383e-03,2.593e-04,2.606e-04
6.293e+00,8.786e-04,1.834e-04,1.843e-04
6.301e+00,3.763e-04,6.234e-04,6.265e-04
6.310e+00,1.234e-04,1.061e-03,1.066e-03
6.318e+00,6.204e-04,1.495e-03,1.503e-03
6.326e+00,1.115e-03,1.927e-03,1.937e-03
6.334e+00,1.607e-03,2.356e-03,2.368e-03
6.342e+00,2.096e-03,2.782e-03,2.796e-03
6.351e+00,2.582e-03,3.206e-03,3.222e-03
6.359e+00,3.066e-03,3.626e-03,3.644e-03
6.367e+00,3.547e-03,4.044e-03,4.064e-03
6.375e+00,4.025e-03,4.458e-03,4.480e-03
6.383e+00,4.500e-03,4.870e-03,4.894e-03
6.391e+00,4.972e-03,5.279e-03,5.305e-03
6.400e+00,5.441e-03,5.684e-03,5.713e-03
6.408e+00,5.908e-03,6.087e-03,6.117e-03
6.416e+00,6.371e-03,6.487e-03,6.519e-03
6.424e+00,6.832e-03,6.883e-03,6.918e-03
6.432e+00,7.289e-03,7.277e-03,7.313e-03
6.440e+00,7.744e-03,7.667e-03,7.706e-03
6.449e+00,8.195e-03,8.055e-03,8.095e-03
6.457e+00,8.643e-03,8.439e-03,8.481e-03
6.465e+00,9.089e-03,8.820e-03,8.864e-03
6.473e+00,9.531e-03,9.198e-03,9.244e-03
6.481e+00,9.969e-03,9.572e-03,9.620e-03
6.489e+00,1.040e-02,9.944e-03,9.993e-03
6.498e+00,1.084e-02,1.031e-02,1.036e-02
6.506e+00,1.127e-02,1.068e-02,1.073e-02
6.514e+00,1.169e-02,1.104e-02,1.109e-02
6.522e+00,1.211e-02,1.140e-02,1.145e-02
6.530e+00,1.253e-02,1.175e-02,1.181e-02
6.539e+00,1.295e-02,1.210e-02,1.216e-02
6.547e+00,1.336e-02,1.245e-02,1.251e-02
6.555e+00,1.377e-02,1.280e-02,1.286e-02
6.563e+00,1.418e-02,1.314e-02,1.320e-02
6.571e+00,1.458e-02,1.348e-02,1.354e-02
6.579e+00,1.498e-02,1.381e-02,1.388e-02
6.588e+00,1.537e-02,1.414e-02,1.421e-02
6.596e+00,1.577e-02,1.447e-02,1.454e-02
6.604e+00,1.615e-02,1.479e-02,1.487e-02
6.612e+00,1.654e-02,1.512e-02,1.519e-02
6.620e+00,1.692e-02,1.543e-02,1.551e-02
6.628e+00,1.730e-02,1.575e-02,1.583e-02
6.637e+00,1.767e-02,1.606e-02,1.614e-02
6.645e+00,1.804e-02,1.637e-02,1.645e-02
6.653e+00,1.841e-02,1.667e-02,1.675e-02
6.661e+00,1.877e-02,1.697e-02,1.705e-02
6.669e+00,1.913e-02,1.727e-02,1.735e-02
6.677e+00,1.949e-02,1.756e-02,1.765e-02
6.686e+00,1.984e-02,1.785e-02,1.794e-02
6.694e+00,2.019e-02,1.813e-02,1.822e-02
6.702e+00,2.053e-02,1.842e-02,1.851e-02
6.710e+00,2.087e-02,1.869e-02,1.879e-02
6.718e+00,2.121e-02,1.897e-02,1.906e-02
6.726e+00,2.154e-02,1.924e-02,1.934e-02
6.735e+00,2.187e-02,1.951e-02,1.961e-02
6.743e+00,2.220e-02,1.977e-02,1.987e-02
6.751e+00,2.252e-02,2.003e-02,2.013e-02
6.759e+00,2.284e-02,2.029e-02,2.039e-02
6.767e+00,2.316e-02,2.054e-02,2.065e-02
6.776e+00,2.347e-02,2.079e-02,2.090e-02
6.784e+00,2.377e-02,2.104e-02,2.115e-02
6.792e+00,2.408e-02,2.128e-02,2.139e-02
6.800e+00,2.438e-02,2.152e-02,2.163e-02
6.808e+00,2.467e-02,2.176e-02,2.187e-02
6.816e+00,2.496e-02,2.199e-02,2.210e-02
6.825e+00,2.525e-02,2.222e-02,2.233e-02
6.833e+00,2.553e-02,2.244e-02,2.255e-02
6.841e+00,2.581e-02,2.266e-02,2.277e-02
6.849e+00,2.609e-02,2.288e-02,2.299e-02
6.857e+00,2.636e-02,2.309e-02,2.321e-02
6.865e+00,2.663e-02,2.330e-02,2.342e-02
6.874e+00,2.689e-02,2.351e-02,2.362e-02
6.882e+00,2.715e-02,2.371e-02,2.383e-02
6.890e+00,2.741e-02,2.391e-02,2.403e-02
6.898e+00,2.766e-02,2.410e-02,2.422e-02
6.906e+00,2.791e-02,2.429e-02,2.441e-02
6.914e+00,2.815e-02,2.448e-02,2.460e-02
6.923e+00,2.839e-02,2.466e-02,2.479e-02
6.931e+00,2.863e-02,2.485e-02,2.497e-02
6.939e+00,2.886e-02,2.502e-02,2.515e-02
6.947e+00,2.909e-02,2.519e-02,2.532e-02
6.955e+00,2.932e-02,2.536e-02,2.549e-02
6.964e+00,2.954e-02,2.553e-02,2.566e-02
6.972e+00,2.975e-02,2.569e-02,2.582e-02
6.980e+00,2.997e-02,2.585e-02,2.598e-02
6.988e+00,3.017e-02,2.600e-02,2.613e-02
6.996e+00,3.038e-02,2.616e-02,2.629e-02
7.004e+00,3.058e-02,2.630e-02,2.643e-02
7.013e+00,3.078e-02,2.645e-02,2.658e-02
7.021e+00,3.097e-02,2.659e-02,2.672e-02
7.029e+00,3.116e-02,2.672e-02,2.686e-02
7.037e+00,3.134e-02,2.686e-02,2.699e-02
7.045e+00,3.152e-02,2.699e-02,2.712e-02
7.053e+00,3.170e-02,2.711e-02,2.725e-02
7.062e+00,3.187e-02,2.723e-02,2.737e-02
7.070e+00,3.204e-02,2.735e-02,2.749e-02
7.078e+00,3.220e-02,2.747e-02,2.760e-02
7.086e+00,3.236e-02,2.758e-02,2.772e-02
7.094e+00,3.252e-02,2.769e-02,2.783e-02
7.102e+00,3.267e-02,2.779e-02,2.793e-02
7.111e+00,3.282e-02,2.789e-02,2.803e-02
7.119e+00,3.297e-02,2.799e-02,2.813e-02
7.127e+00,3.311e-02,2.808e-02,2.822e-02
7.135e+00,3.324e-02,2.817e-02,2.831e-02
7.143e+00,3.338e-02,2.826e-02,2.840e-02
7.151e+00,3.351e-02,2.834e-02,2.848e-02
7.160e+00,3.363e-02,2.842e-02,2.857e-02
7.168e+00,3.375e-02,2.850e-02,2.864e-02
7.176e+00,3.387e-02,2.857e-02,2.872e-02
7.184e+00,3.398e-02,2.864e-02,2.878e-02
7.192e+00,3.409e-02,2.871e-02,2.885e-02
7.201e+00,3.420e-02,2.877e-02,2.891e-02
7.209e+00,3.430e-02,2.883e-02,2.897e-02
7.217e+00,3.440e-02,2.889e-02,2.903e-02
7.225e+00,3.449e-02,2.894e-02,2.908e-02
7.233e+00,3.458e-02,2.899e-02,2.913e-02
7.241e+00,3.467e-02,2.903e-02,2.918e-02
7.250e+00,3.475e-02,2.907e-02,2.922e-02
7.258e+00,3.483e-02,2.911e-02,2.926e-02
7.266e+00,3.490e-02,2.915e-02,2.929e-02
7.274e+00,3.497e-02,2.918e-02,2.933e-02
7.282e+00,3.504e-02,2.921e-02,2.936e-02
7.290e+00,3.510e-02,2.924e-02,2.938e-02
7.299e+00,3.516e-02,2.926e-02,2.941e-02
7.307e+00,3.522e-02,2.928e-02,2.942e-02
7.315e+00,3.527e-02,2.929e-02,2.944e-02
7.323e+00,3.532e-02,2.931e-02,2.945e-02
7.331e+00,3.536e-02,2.932e-02,2.946e-02
7.339e+00,3.540e-02,2.932e-02,2.947e-02
7.348e+00,3.544e-02,2.933e-02,2.947e-02
7.356e+00,3.547e-02,2.933e-02,2.947e-02
7.364e+00,3.550e-02,2.932e-02,2.947e-02
7.372e+00,3.553e-02,2.932e-02,2.946e-02
7.380e+00,3.555e-02,2.931e-02,2.946e-02
7.389e+00,3.557e-02,2.930e-02,2.944e-02
7.397e+00,3.558e-02,2.928e-02,2.943e-02
7.405e+00,3.559e-02,2.926e-02,2.941e-02
7.413e+00,3.560e-02,2.924e-02,2.939e-02
7.421e+00,3.560e-02,2.922e-02,2.936e-02
7.429e+00,3.560e-02,2.919e-02,2.934e-02
7.438e+00,3.560e-02,2.916e-02,2.931e-02
7.446e+00,3.559e-02,2.913e-02,2.927e-02
7.454e+00,3.558e-02,2.909e-02,2.924e-02
7.462e+00,3.557e-02,2.905e-02,2.920e-02
7.470e+00,3.555e-02,2.901e-02,2.916e-02
7.478e+00,3.553e-02,2.897e-02,2.911e-02
7.487e+00,3.551e-02,2.892e-02,2.906e-02
7.495e+00,3.548e-02,2.887e-02,2.901e-02
7.503e+00,3.545e-02,2.881e-02,2.896e-02
7.511e+00,3.541e-02,2.876e-02,2.890e-02
7.519e+00,3.538e-02,2.870e-02,2.884e-02
7.527e+00,3.533e-02,2.864e-02,2.878e-02
7.536e+00,3.529e-02,2.857e-02,2.872e-02
7.544e+00,3.524e-02,2.851e-02,2.865e-02
7.552e+00,3.519e-02,2.844e-02,2.858e-02
7.560e+00,3.514e-02,2.837e-02,2.851e-02
7.568e+00,3.508e-02,2.829e-02,2.843e-02
7.576e+00,3.502e-02,2.821e-02,2.835e-02
7.585e+00,3.495e-02,2.813e-02,2.827e-02
7.593e+00,3.489e-02,2.805e-02,2.819e-02
7.601e+00,3.481e-02,2.797e-02,2.811e-02
7.609e+00,3.474e-02,2.788e-02,2.802e-02
7.617e+00,3.466e-02,2.779e-02,2.793e-02
7.626e+00,3.458e-02,2.770e-02,2.783e-02
7.634e+00,3.450e-02,2.760e-02,2.774e-02
7.642e+00,3.441e-02,2.750e-02,2.764e-02
7.650e+00,3.432e-02,2.740e-02,2.754e-02
7.658e+00,3.423e-02,2.730e-02,2.744e-02
7.666e+00,3.414e-02,2.720e-02,2.733e-02
7.675e+00,3.404e-02,2.709e-02,2.722e-02
7.683e+00,3.394e-02,2.698e-02,2.711e-02
7.691e+00,3.383e-02,2.687e-02,2.700e-02
7.699e+00,3.372e-02,2.675e-02,2.689e-02
7.707e+00,3.361e-02,2.664e-02,2.677e-02
7.715e+00,3.350e-02,2.652e-02,2.665e-02
7.724e+00,3.338e-02,2.640e-02,2.653e-02
7.732e+00,3.326e-02,2.628e-02,2.641e-02
7.740e+00,3.314e-02,2.615e-02,2.628e-02
7.748e+00,3.302e-02,2.603e-02,2.616e-02
7.756e+00,3.289e-02,2.590e-02,2.603e-02
7.764e+00,3.276e-02,2.577e-02,2.589e-02
7.773e+00,3.263e-02,2.563e-02,2.576e-02
7.781e+00,3.249e-02,2.550e-02,2.562e-02
7.789e+00,3.235e-02,2.536e-02,2.549e-02
7.797e+00,3.221e-02,2.522e-02,2.535e-02
7.805e+00,3.207e-02,2.508e-02,2.521e-02
7.814e+00,3.192e-02,2.494e-02,2.506e-02
7.822e+00,3.177e-02,2.479e-02,2.492e-02
7.830e+00,3.162e-02,2.465e-02,2.477e-02
7.838e+00,3.147e-02,2.450e-02,2.462e-02
7.846e+00,3.131e-02,2.435e-02,2.447e-02
7.854e+00,3.115e-02,2.420e-02,2.432e-02
7.863e+00,3.099e-02,2.404e-02,2.416e-02
7.871e+00,3.083e-02,2.389e-02,2.401e-02
7.879e+00,3.066e-02,2.373e-02,2.385e-02
7.887e+00,3.049e-02,2.357e-02,2.369e-02
7.895e+00,3.032e-02,2.341e-02,2.353e-02
7.903e+00,3.015e-02,2.325e-02,2.336e-02
7.912e+00,2.997e-02,2.308e-02,2.320e-02
7.920e+00,2.980e-02,2.292e-02,2.303e-02
7.928e+00,2.962e-02,2.275e-02,2.286e-02
7.936e+00,2.943e-02,2.258e-02,2.270e-02
7.944e+00,2.925e-02,2.241e-02,2.252e-02
7.952e+00,2.906e-02,2.224e-02,2.235e-02
7.961e+00,2.887e-02,2.207e-02,2.218e-02
7.969e+00,2.868e-02,2.189e-02,2.200e-02
7.977e+00,2.849e-02,2.172e-02,2.183e-02
7.985e+00,2.830e-02,2.154e-02,2.165e-02
7.993e+00,2.810e-02,2.136e-02,2.147e-02
8.002e+00,2.790e-02,2.118e-02,2.129e-02
8.010e+00,2.770e-02,2.100e-02,2.111e-02
8.018e+00,2.750e-02,2.082e-02,2.092e-02
8.026e+00,2.729e-02,2.064e-02,2.074e-02
8.034e+00,2.708e-02,2.045e-02,2.055e-02
8.042e+00,2.688e-02,2.027e-02,2.037e-02
8.051e+00,2.666e-02,2.008e-02,2.018e-02
8.059e+00,2.645e-02,1.989e-02,1.999e-02
8.067e+00,2.624e-02,1.970e-02,1.980e-02
8.075e+00,2.602e-02,1.951e-02,1.961e-02
8.083e+00,2.580e-02,1.932e-02,1.942e-02
8.091e+00,2.559e-02,1.913e-02,1.922e-02
8.100e+00,2.536e-02,1.893e-02,1.903e-02
8.108e+00,2.514e-02,1.874e-02,1.883e-02
8.116e+00,2.492e-02,1.854e-02,1.864e-02
8.124e+00,2.469e-02,1.835e-02,1.844e-02
8.132e+00,2.446e-02,1.815e-02,1.824e-02
8.140e+00,2.424e-02,1.795e-02,1.804e-02
8.149e+00,2.401e-02,1.775e-02,1.784e-02
8.157e+00,2.377e-02,1.755e-02,1.764e-02
8.165e+00,2.354e-02,1.735e-02,1.744e-02
